development/example_data/cnv/atwain_cruise/AT284.cnv
* Sea-Bird SBE 9 Data File:
* FileName = C:\ATWAIN_2017\hex\AT284.hex
* Software Version Seasave V 7.21b
* Temperature SN = 2400
* Conductivity SN = 3234
* Number of Bytes Per Scan = 34
* Number of Voltage Words = 4
* Number of Scans Averaged by the Deck Unit = 1
* NMEA baud rate = 4800
** ATWAIN 2017
** R/V Lance
** Sounding depth: 534
** Latitude: 80 10.5121
** Longitude: 009 00.6837
# nquan = 8
# nvalues = 524                         
# units = specified
# name 0 = prDM: Pressure, Digiquartz [db]
# name 1 = t090C: Temperature [ITS-90, deg C]
# name 2 = potemp090C: Potential Temperature [ITS-90, deg C]
# name 3 = c0mS/cm: Conductivity [mS/cm]
# name 4 = sal00: Salinity, Practical [PSU]
# name 5 = sigma-é00: Density [sigma-theta, kg/m^3]
# name 6 = flECO-AFL: Fluorescence, WET Labs ECO-AFL/FL [mg/m^3]
# name 7 = flag: flag
# span 0 =      2.000,    525.000       
# span 1 =     2.6548,     6.5465       
# span 2 =     2.6221,     6.5421       
# span 3 =  31.614451,  34.908972       
# span 4 =    34.7879,    35.1120       
# span 5 =    27.3727,    27.9403       
# span 6 =    -0.1264,     1.8092       
# span 7 = 0.0000e+00, 0.0000e+00       
# interval = decibars: 1                
# start_time = Sep 24 2017 16:23:28 [System UTC, first data scan.]
# bad_flag = -9.990e-29
*END*
[from data line 360]
    362.000     3.9542     3.9283  32.738133    35.0713    27.8505    -0.0982 0.0000e+00
    363.000     3.9588     3.9329  32.743465    35.0721    27.8507    -0.1002 0.0000e+00
    364.000     3.9576     3.9316  32.742930    35.0723    27.8509    -0.1131 0.0000e+00
    365.000     3.9446     3.9185  32.730753    35.0712    27.8514    -0.0997 0.0000e+00
    366.000     3.9004     3.8744  32.687946    35.0669    27.8526    -0.1157 0.0000e+00
    367.000     3.8816     3.8556  32.669979    35.0650    27.8531    -0.1041 0.0000e+00
    368.000     3.8785     3.8525  32.667347    35.0646    27.8530    -0.1174 0.0000e+00
    369.000     3.8723     3.8462  32.661478    35.0638    27.8530    -0.1044 0.0000e+00
    370.000     3.8620     3.8359  32.651605    35.0624    27.8530    -0.0973 0.0000e+00
    371.000     3.8480     3.8218  32.637979    35.0606    27.8530    -0.0963 0.0000e+00
    372.000     3.8442     3.8179  32.634681    35.0603    27.8531    -0.0995 0.0000e+00
    373.000     3.8291     3.8028  32.620104    35.0585    27.8533    -0.0996 0.0000e+00
    374.000     3.8203     3.7940  32.611909    35.0576    27.8534    -0.1007 0.0000e+00
    375.000     3.8201     3.7937  32.612179    35.0576    27.8535    -0.1132 0.0000e+00
    376.000     3.8230     3.7965  32.615850    35.0583    27.8538    -0.1034 0.0000e+00
    377.000     3.8124     3.7859  32.605772    35.0571    27.8539    -0.0993 0.0000e+00
    378.000     3.8030     3.7764  32.597324    35.0565    27.8544    -0.1003 0.0000e+00
    379.000     3.8083     3.7816  32.602253    35.0562    27.8537    -0.0993 0.0000e+00
    380.000     3.7887     3.7620  32.583895    35.0547    27.8545    -0.0952 0.0000e+00
    381.000     3.7791     3.7524  32.575307    35.0542    27.8550    -0.0998 0.0000e+00
    382.000     3.7722     3.7454  32.569211    35.0538    27.8554    -0.1000 0.0000e+00
    383.000     3.7714     3.7446  32.568840    35.0536    27.8554    -0.1006 0.0000e+00
    384.000     3.7691     3.7422  32.567169    35.0536    27.8556    -0.1004 0.0000e+00
    385.000     3.7678     3.7408  32.566347    35.0535    27.8556    -0.0991 0.0000e+00
    386.000     3.7666     3.7395  32.565763    35.0535    27.8558    -0.0990 0.0000e+00
    387.000     3.7659     3.7387  32.565576    35.0535    27.8559    -0.1000 0.0000e+00
    388.000     3.7656     3.7384  32.565811    35.0535    27.8559    -0.0998 0.0000e+00
    389.000     3.7654     3.7381  32.565943    35.0534    27.8558    -0.1009 0.0000e+00
    390.000     3.7638     3.7365  32.565191    35.0536    27.8562    -0.1000 0.0000e+00
    391.000     3.7596     3.7322  32.561715    35.0534    27.8564    -0.1030 0.0000e+00
    392.000     3.7551     3.7276  32.557858    35.0531    27.8567    -0.0996 0.0000e+00
    393.000     3.7516     3.7241  32.554449    35.0522    27.8563    -0.1026 0.0000e+00
    394.000     3.7418     3.7143  32.546402    35.0526    27.8576    -0.1239 0.0000e+00
    395.000     3.7409     3.7133  32.546028    35.0525    27.8577    -0.1196 0.0000e+00
    396.000     3.7412     3.7135  32.546552    35.0524    27.8575    -0.1000 0.0000e+00
    397.000     3.7410     3.7132  32.546695    35.0522    27.8575    -0.1006 0.0000e+00
    398.000     3.7385     3.7107  32.544817    35.0520    27.8576    -0.1004 0.0000e+00
    399.000     3.7330     3.7051  32.540239    35.0519    27.8580    -0.1020 0.0000e+00
    400.000     3.7305     3.7025  32.538584    35.0521    27.8584    -0.0984 0.0000e+00
    401.000     3.7308     3.7028  32.539211    35.0520    27.8583    -0.1000 0.0000e+00
    402.000     3.7271     3.6990  32.536280    35.0519    27.8587    -0.1031 0.0000e+00
    403.000     3.7251     3.6970  32.535496    35.0525    27.8593    -0.1014 0.0000e+00
    404.000     3.7238     3.6955  32.534700    35.0525    27.8595    -0.1167 0.0000e+00
    405.000     3.7220     3.6937  32.533651    35.0525    27.8597    -0.1044 0.0000e+00
    406.000     3.7161     3.6877  32.528388    35.0521    27.8600    -0.1061 0.0000e+00
    407.000     3.7150     3.6865  32.527622    35.0519    27.8599    -0.1073 0.0000e+00
    408.000     3.7143     3.6858  32.527557    35.0520    27.8600    -0.1087 0.0000e+00
    409.000     3.7119     3.6833  32.526295    35.0524    27.8607    -0.1012 0.0000e+00
    410.000     3.7097     3.6811  32.525141    35.0529    27.8613    -0.0994 0.0000e+00
    411.000     3.7080     3.6793  32.524307    35.0532    27.8617    -0.1010 0.0000e+00
    412.000     3.7044     3.6757  32.521457    35.0531    27.8619    -0.0998 0.0000e+00
    413.000     3.7038     3.6750  32.521247    35.0529    27.8619    -0.1046 0.0000e+00
    414.000     3.7031     3.6742  32.521066    35.0529    27.8620    -0.1007 0.0000e+00
    415.000     3.7034     3.6744  32.521771    35.0529    27.8620    -0.1003 0.0000e+00
    416.000     3.7032     3.6742  32.522238    35.0531    27.8621    -0.1035 0.0000e+00
    417.000     3.7042     3.6750  32.524198    35.0539    27.8627    -0.1107 0.0000e+00
    418.000     3.7067     3.6775  32.527515    35.0546    27.8629    -0.1154 0.0000e+00
    419.000     3.7070     3.6777  32.528356    35.0548    27.8631    -0.1127 0.0000e+00
    420.000     3.7062     3.6769  32.527957    35.0546    27.8630    -0.1048 0.0000e+00
    421.000     3.7038     3.6744  32.526070    35.0544    27.8631    -0.1006 0.0000e+00
    422.000     3.7036     3.6741  32.526516    35.0546    27.8633    -0.1017 0.0000e+00
    423.000     3.7043     3.6748  32.527621    35.0546    27.8633    -0.1017 0.0000e+00
    424.000     3.7043     3.6747  32.528367    35.0550    27.8636    -0.1013 0.0000e+00
    425.000     3.7049     3.6752  32.529562    35.0552    27.8637    -0.1003 0.0000e+00
    426.000     3.7057     3.6759  32.531348    35.0560    27.8643    -0.1025 0.0000e+00
    427.000     3.7063     3.6765  32.533098    35.0568    27.8648    -0.0985 0.0000e+00
    428.000     3.7067     3.6767  32.534419    35.0575    27.8654    -0.1126 0.0000e+00
    429.000     3.7076     3.6776  32.535943    35.0578    27.8655    -0.1062 0.0000e+00
    430.000     3.7084     3.6783  32.537239    35.0579    27.8655    -0.1016 0.0000e+00
    431.000     3.7132     3.6830  32.543608    35.0599    27.8667    -0.1025 0.0000e+00
    432.000     3.7169     3.6867  32.548252    35.0609    27.8671    -0.1049 0.0000e+00
    433.000     3.7177     3.6874  32.549569    35.0611    27.8672    -0.1065 0.0000e+00
    434.000     3.7174     3.6870  32.549723    35.0611    27.8672    -0.1066 0.0000e+00
    435.000     3.7202     3.6897  32.553453    35.0620    27.8676    -0.1000 0.0000e+00
    436.000     3.7213     3.6907  32.555135    35.0623    27.8678    -0.1005 0.0000e+00
    437.000     3.7224     3.6918  32.557002    35.0628    27.8680    -0.1038 0.0000e+00
    438.000     3.7227     3.6920  32.557685    35.0627    27.8680    -0.1018 0.0000e+00
    439.000     3.7233     3.6925  32.559240    35.0634    27.8685    -0.1033 0.0000e+00
    440.000     3.7256     3.6947  32.562332    35.0642    27.8688    -0.1127 0.0000e+00
    441.000     3.7265     3.6955  32.563872    35.0645    27.8690    -0.1167 0.0000e+00
    442.000     3.7267     3.6957  32.564778    35.0648    27.8693    -0.1088 0.0000e+00
    443.000     3.7272     3.6960  32.565768    35.0650    27.8694    -0.1074 0.0000e+00
    444.000     3.7282     3.6970  32.567596    35.0655    27.8697    -0.1171 0.0000e+00
    445.000     3.7282     3.6969  32.568366    35.0659    27.8700    -0.1098 0.0000e+00
    446.000     3.7264     3.6951  32.567483    35.0662    27.8704    -0.1198 0.0000e+00
    447.000     3.7256     3.6942  32.567357    35.0664    27.8706    -0.1069 0.0000e+00
    448.000     3.7246     3.6931  32.567008    35.0666    27.8709    -0.1050 0.0000e+00
    449.000     3.7234     3.6918  32.566545    35.0667    27.8712    -0.1025 0.0000e+00
    450.000     3.7218     3.6902  32.565770    35.0670    27.8715    -0.1186 0.0000e+00
    451.000     3.7207     3.6890  32.565416    35.0672    27.8718    -0.1079 0.0000e+00
    452.000     3.7190     3.6873  32.564535    35.0673    27.8721    -0.1194 0.0000e+00
    453.000     3.7185     3.6867  32.563957    35.0667    27.8717    -0.1040 0.0000e+00
    454.000     3.7173     3.6854  32.563946    35.0674    27.8724    -0.1119 0.0000e+00
    455.000     3.7169     3.6849  32.564199    35.0677    27.8726    -0.1060 0.0000e+00
    456.000     3.7165     3.6845  32.564470    35.0678    27.8728    -0.1093 0.0000e+00
    457.000     3.7168     3.6846  32.565271    35.0680    27.8729    -0.1085 0.0000e+00
    458.000     3.7169     3.6847  32.565876    35.0680    27.8729    -0.1035 0.0000e+00
    459.000     3.7089     3.6767  32.558811    35.0676    27.8734    -0.1181 0.0000e+00
    460.000     3.6828     3.6506  32.535207    35.0668    27.8754    -0.1080 0.0000e+00
    461.000     3.6697     3.6374  32.523953    35.0669    27.8768    -0.1012 0.0000e+00
    462.000     3.6782     3.6459  32.531836    35.0666    27.8757    -0.1047 0.0000e+00
    463.000     3.6675     3.6351  32.522619    35.0665    27.8768    -0.1112 0.0000e+00
    464.000     3.6674     3.6350  32.522955    35.0665    27.8767    -0.1255 0.0000e+00
    465.000     3.6678     3.6352  32.523677    35.0664    27.8767    -0.1063 0.0000e+00
    466.000     3.6665     3.6339  32.522912    35.0663    27.8767    -0.1033 0.0000e+00
    467.000     3.6667     3.6340  32.523696    35.0665    27.8769    -0.1017 0.0000e+00
    468.000     3.6545     3.6218  32.513206    35.0665    27.8780    -0.1096 0.0000e+00
    469.000     3.6350     3.6024  32.496089    35.0663    27.8799    -0.1040 0.0000e+00
    470.000     3.6256     3.5929  32.487832    35.0660    27.8805    -0.1157 0.0000e+00
    471.000     3.6217     3.5889  32.484513    35.0657    27.8807    -0.1003 0.0000e+00
    472.000     3.6190     3.5861  32.482499    35.0657    27.8810    -0.0999 0.0000e+00
    473.000     3.6181     3.5852  32.482224    35.0657    27.8811    -0.1047 0.0000e+00
    474.000     3.6148     3.5818  32.479410    35.0653    27.8812    -0.1144 0.0000e+00
    475.000     3.6141     3.5810  32.479125    35.0652    27.8811    -0.1018 0.0000e+00
    476.000     3.6104     3.5773  32.476295    35.0652    27.8815    -0.1178 0.0000e+00
    477.000     3.6070     3.5739  32.473512    35.0650    27.8817    -0.1017 0.0000e+00
    478.000     3.6006     3.5674  32.468228    35.0650    27.8823    -0.1185 0.0000e+00
    479.000     3.5967     3.5634  32.464823    35.0646    27.8824    -0.1020 0.0000e+00
    480.000     3.5946     3.5612  32.463266    35.0644    27.8825    -0.1101 0.0000e+00
    481.000     3.5892     3.5558  32.458650    35.0642    27.8828    -0.1014 0.0000e+00
    482.000     3.5885     3.5550  32.458392    35.0641    27.8828    -0.0996 0.0000e+00
    483.000     3.5835     3.5500  32.454169    35.0638    27.8831    -0.1019 0.0000e+00
    484.000     3.5775     3.5439  32.449150    35.0637    27.8836    -0.1086 0.0000e+00
    485.000     3.5726     3.5389  32.445045    35.0635    27.8840    -0.1154 0.0000e+00
    486.000     3.5676     3.5339  32.440992    35.0635    27.8845    -0.1216 0.0000e+00
    487.000     3.5653     3.5315  32.439112    35.0632    27.8844    -0.1072 0.0000e+00
    488.000     3.5599     3.5261  32.434873    35.0633    27.8851    -0.1036 0.0000e+00
    489.000     3.5577     3.5239  32.433098    35.0629    27.8850    -0.1039 0.0000e+00
    490.000     3.5461     3.5122  32.422906    35.0626    27.8859    -0.0975 0.0000e+00
    491.000     3.5346     3.5006  32.413087    35.0627    27.8871    -0.1027 0.0000e+00
    492.000     3.5272     3.4932  32.406626    35.0624    27.8876    -0.1032 0.0000e+00
    493.000     3.5060     3.4720  32.387743    35.0619    27.8893    -0.1025 0.0000e+00
    494.000     3.4944     3.4604  32.377435    35.0614    27.8901    -0.1019 0.0000e+00
    495.000     3.4879     3.4538  32.371831    35.0611    27.8905    -0.0986 0.0000e+00
    496.000     3.4789     3.4449  32.363861    35.0606    27.8910    -0.1085 0.0000e+00
    497.000     3.4473     3.4133  32.335655    35.0601    27.8937    -0.1079 0.0000e+00
    498.000     3.4301     3.3961  32.320558    35.0599    27.8952    -0.1264 0.0000e+00
    499.000     3.4302     3.3962  32.320866    35.0596    27.8949    -0.1075 0.0000e+00
    500.000     3.4255     3.3914  32.316814    35.0593    27.8952    -0.1000 0.0000e+00
    501.000     3.4215     3.3873  32.313571    35.0591    27.8955    -0.1022 0.0000e+00
    502.000     3.4200     3.3857  32.312485    35.0590    27.8955    -0.1025 0.0000e+00
    503.000     3.4087     3.3744  32.302385    35.0583    27.8961    -0.0997 0.0000e+00
    504.000     3.3910     3.3567  32.287272    35.0587    27.8981    -0.1017 0.0000e+00
    505.000     3.3835     3.3491  32.281223    35.0589    27.8990    -0.1223 0.0000e+00
    506.000     3.3742     3.3398  32.273114    35.0586    27.8996    -0.1036 0.0000e+00
    507.000     3.3664     3.3320  32.266501    35.0584    27.9003    -0.1185 0.0000e+00
    508.000     3.3609     3.3265  32.261938    35.0583    27.9007    -0.1134 0.0000e+00
    509.000     3.3435     3.3091  32.246426    35.0578    27.9020    -0.1168 0.0000e+00
    510.000     3.3146     3.2802  32.220421    35.0570    27.9042    -0.0976 0.0000e+00
    511.000     3.2889     3.2545  32.197433    35.0564    27.9062    -0.1159 0.0000e+00
    512.000     3.2758     3.2414  32.185363    35.0553    27.9065    -0.1085 0.0000e+00
    513.000     3.2106     3.1764  32.125253    35.0524    27.9104    -0.1044 0.0000e+00
    514.000     3.1571     3.1230  32.075452    35.0493    27.9130    -0.1120 0.0000e+00
    515.000     3.1081     3.0742  32.030163    35.0467    27.9155    -0.1167 0.0000e+00
    516.000     3.0447     3.0109  31.973149    35.0454    27.9204    -0.1110 0.0000e+00
    517.000     2.9916     2.9580  31.924671    35.0433    27.9236    -0.1017 0.0000e+00
    518.000     2.9506     2.9171  31.886224    35.0403    27.9250    -0.1041 0.0000e+00
    519.000     2.8795     2.8462  31.821368    35.0377    27.9294    -0.1068 0.0000e+00
    520.000     2.7968     2.7639  31.745675    35.0343    27.9341    -0.1036 0.0000e+00
    521.000     2.7157     2.6830  31.671704    35.0312    27.9389    -0.1151 0.0000e+00
    522.000     2.6891     2.6564  31.646790    35.0290    27.9395    -0.1034 0.0000e+00
    523.000     2.6756     2.6429  31.634153    35.0276    27.9396    -0.1000 0.0000e+00
    524.000     2.6548     2.6221  31.614451    35.0255    27.9397    -0.1054 0.0000e+00
    525.000     2.6548     2.6221  31.615488    35.0262    27.9403    -0.1019 0.0000e+00
