development/example_data/cnv/atwain_cruise/AT280.cnv
* Sea-Bird SBE 9 Data File:
* FileName = C:\ATWAIN_2017\hex\AT280.hex
* Software Version Seasave V 7.21b
* Temperature SN = 2400
* Conductivity SN = 3234
* Number of Bytes Per Scan = 34
* Number of Voltage Words = 4
* Number of Scans Averaged by the Deck Unit = 1
* NMEA baud rate = 4800
** ATWAIN 2017
** R/V Lance
** Sounding depth: 880
** Latitude: 80 26.2610
** Longitude: 008 39.8682
# nquan = 8
# nvalues = 871                         
# units = specified
# name 0 = prDM: Pressure, Digiquartz [db]
# name 1 = t090C: Temperature [ITS-90, deg C]
# name 2 = potemp090C: Potential Temperature [ITS-90, deg C]
# name 3 = c0mS/cm: Conductivity [mS/cm]
# name 4 = sal00: Salinity, Practical [PSU]
# name 5 = sigma-é00: Density [sigma-theta, kg/m^3]
# name 6 = flECO-AFL: Fluorescence, WET Labs ECO-AFL/FL [mg/m^3]
# name 7 = flag: flag
# span 0 =      3.000,    873.000       
# span 1 =    -1.5097,     5.4226       
# span 2 =    -1.5105,     5.4171       
# span 3 =  26.887176,  33.934907       
# span 4 =    32.6950,    35.1122       
# span 5 =    26.1876,    28.0528       
# span 6 =    -0.1387,     1.7980       
# span 7 = 0.0000e+00, 0.0000e+00       
# interval = decibars: 1                
# start_time = Sep 24 2017 11:23:42 [System UTC, first data scan.]
# bad_flag = -9.990e-29
*END*
      3.000     1.0648     1.0647  28.166161    32.6950    26.1876     1.7980 0.0000e+00
      4.000     0.6721     0.6720  28.125119    33.0561    26.5011     1.5969 0.0000e+00
      5.000    -0.3421    -0.3422  27.350006    33.1327    26.6145     1.7490 0.0000e+00
      6.000    -0.5712    -0.5713  27.208655    33.1934    26.6716     1.5716 0.0000e+00
      7.000    -1.1331    -1.1332  26.887176    33.3784    26.8437     1.1659 0.0000e+00
      8.000    -1.1254    -1.1255  26.927910    33.4249    26.8811     1.0280 0.0000e+00
      9.000    -1.1322    -1.1324  26.975898    33.4975    26.9402     1.0885 0.0000e+00
     10.000    -1.1333    -1.1335  27.001461    33.5331    26.9691     0.9389 0.0000e+00
     11.000    -0.9353    -0.9356  27.216815    33.6045    27.0200     0.8814 0.0000e+00
     12.000    -1.1144    -1.1147  27.122473    33.6761    27.0843     0.8547 0.0000e+00
     13.000    -1.2995    -1.2998  27.024439    33.7497    27.1502     0.8858 0.0000e+00
     14.000    -1.2968    -1.2971  27.061891    33.7976    27.1890     0.8088 0.0000e+00
     15.000    -1.0341    -1.0345  27.307588    33.8362    27.2109     0.7025 0.0000e+00
     16.000    -1.2589    -1.2593  27.184088    33.9213    27.2881     0.5864 0.0000e+00
     17.000    -1.3513    -1.3517  27.113909    33.9291    27.2975     0.5989 0.0000e+00
     18.000    -1.3744    -1.3748  27.109388    33.9485    27.3140     0.4779 0.0000e+00
     19.000    -1.3632    -1.3636  27.133938    33.9690    27.3302     0.3881 0.0000e+00
     20.000    -1.2608    -1.2612  27.226766    33.9795    27.3355     0.3865 0.0000e+00
     21.000    -1.3041    -1.3046  27.215121    34.0122    27.3634     0.4384 0.0000e+00
     22.000    -1.3784    -1.3789  27.160821    34.0215    27.3733     0.4084 0.0000e+00
     23.000    -1.3929    -1.3934  27.156580    34.0315    27.3819     0.3452 0.0000e+00
     24.000    -1.3866    -1.3871  27.177040    34.0519    27.3983     0.3073 0.0000e+00
     25.000    -1.4300    -1.4305  27.167397    34.0876    27.4286     0.2821 0.0000e+00
     26.000    -1.4647    -1.4653  27.145364    34.0962    27.4367     0.2414 0.0000e+00
     27.000    -1.4877    -1.4883  27.130940    34.1020    27.4421     0.2450 0.0000e+00
     28.000    -1.4507    -1.4513  27.173908    34.1184    27.4543     0.2155 0.0000e+00
     29.000    -1.4410    -1.4416  27.185052    34.1221    27.4570     0.2319 0.0000e+00
     30.000    -1.3859    -1.3865  27.236491    34.1293    27.4611     0.2631 0.0000e+00
     31.000    -1.3006    -1.3013  27.316064    34.1409    27.4678     0.2802 0.0000e+00
     32.000    -1.3708    -1.3715  27.262893    34.1473    27.4752     0.2479 0.0000e+00
     33.000    -1.4264    -1.4271  27.221125    34.1526    27.4813     0.2333 0.0000e+00
     34.000    -1.5097    -1.5105  27.161372    34.1650    27.4939     0.1659 0.0000e+00
     35.000    -1.4282    -1.4290  27.235508    34.1734    27.4982     0.1342 0.0000e+00
     36.000    -1.4855    -1.4863  27.196254    34.1842    27.5088     0.1074 0.0000e+00
     37.000    -1.4176    -1.4184  27.255862    34.1880    27.5098     0.1358 0.0000e+00
     38.000    -1.2177    -1.2186  27.440991    34.2134    27.5238     0.1372 0.0000e+00
     39.000    -1.1027    -1.1037  27.550095    34.2311    27.5341     0.1303 0.0000e+00
     40.000    -0.9948    -0.9958  27.646644    34.2393    27.5367     0.0879 0.0000e+00
     41.000    -0.9090    -0.9102  27.725191    34.2481    27.5405     0.0547 0.0000e+00
     42.000    -0.6437    -0.6450  27.962083    34.2672    27.5451     0.0568 0.0000e+00
     43.000    -0.5223    -0.5236  28.083329    34.2926    27.5604     0.0769 0.0000e+00
     44.000    -0.4640    -0.4654  28.142414    34.3056    27.5683     0.0638 0.0000e+00
     45.000    -0.1647    -0.1662  28.419302    34.3376    27.5798     0.0263 0.0000e+00
     46.000     0.5630     0.5612  29.076599    34.3888    27.5811     0.0230 0.0000e+00
     47.000     1.4206     1.4184  29.868172    34.4607    27.5829     0.0327 0.0000e+00
     48.000     1.4833     1.4810  29.925753    34.4647    27.5819     0.0678 0.0000e+00
     49.000     1.5869     1.5845  30.031495    34.4848    27.5905     0.0964 0.0000e+00
     50.000     2.2534     2.2507  30.673240    34.5635    27.6018     0.1008 0.0000e+00
     51.000     2.5398     2.5369  30.966032    34.6147    27.6181     0.1004 0.0000e+00
     52.000     3.2065     3.2033  31.603352    34.6774    27.6086     0.0788 0.0000e+00
     53.000     3.2220     3.2187  31.627234    34.6894    27.6168     0.0856 0.0000e+00
     54.000     3.1979     3.1945  31.615209    34.7001    27.6276     0.1329 0.0000e+00
     55.000     3.3366     3.3331  31.760969    34.7275    27.6362     0.1009 0.0000e+00
     56.000     3.7038     3.7000  32.128754    34.7774    27.6398     0.0963 0.0000e+00
     57.000     3.9651     3.9612  32.382497    34.8019    27.6326     0.1259 0.0000e+00
     58.000     4.0501     4.0460  32.477097    34.8236    27.6410     0.0778 0.0000e+00
     59.000     5.0200     5.0154  33.486103    34.9828    27.6596     0.1005 0.0000e+00
     60.000     5.1154     5.1107  33.583361    34.9951    27.6584     0.0647 0.0000e+00
     61.000     5.0923     5.0875  33.564630    34.9971    27.6627     0.0223 0.0000e+00
     62.000     5.0804     5.0756  33.555865    34.9989    27.6656     0.0084 0.0000e+00
     63.000     5.0834     5.0785  33.561702    35.0020    27.6677    -0.0070 0.0000e+00
     64.000     5.1162     5.1111  33.597332    35.0083    27.6688    -0.0112 0.0000e+00
     65.000     5.0991     5.0941  33.587427    35.0141    27.6755    -0.0082 0.0000e+00
     66.000     5.2640     5.2587  33.758739    35.0386    27.6753    -0.0084 0.0000e+00
     67.000     5.3630     5.3576  33.864288    35.0558    27.6770    -0.0192 0.0000e+00
     68.000     5.4226     5.4171  33.931496    35.0702    27.6812    -0.0494 0.0000e+00
     69.000     5.4205     5.4150  33.934907    35.0757    27.6858    -0.0773 0.0000e+00
     70.000     5.3920     5.3863  33.912057    35.0788    27.6918    -0.0772 0.0000e+00
     71.000     5.3707     5.3650  33.897330    35.0837    27.6982    -0.0654 0.0000e+00
     72.000     5.3591     5.3533  33.891401    35.0884    27.7034    -0.0756 0.0000e+00
     73.000     5.3416     5.3358  33.877394    35.0902    27.7069    -0.0815 0.0000e+00
     74.000     5.3282     5.3223  33.868782    35.0937    27.7113    -0.0769 0.0000e+00
     75.000     5.3265     5.3206  33.868639    35.0948    27.7124    -0.0791 0.0000e+00
     76.000     5.3231     5.3170  33.866648    35.0956    27.7135    -0.0789 0.0000e+00
     77.000     5.3128     5.3066  33.858868    35.0969    27.7158    -0.0820 0.0000e+00
     78.000     5.2997     5.2935  33.849579    35.0994    27.7193    -0.0787 0.0000e+00
     79.000     5.2853     5.2790  33.835573    35.0979    27.7198    -0.1008 0.0000e+00
     80.000     5.2198     5.2135  33.775069    35.0963    27.7265    -0.1193 0.0000e+00
     81.000     5.2283     5.2218  33.785475    35.0990    27.7276    -0.0929 0.0000e+00
     82.000     5.2466     5.2401  33.805803    35.1026    27.7283    -0.1074 0.0000e+00
     83.000     5.2408     5.2343  33.802585    35.1044    27.7304    -0.0858 0.0000e+00
     84.000     5.2298     5.2231  33.794029    35.1056    27.7327    -0.0987 0.0000e+00
     85.000     5.2050     5.1983  33.771050    35.1046    27.7348    -0.0747 0.0000e+00
     86.000     5.1647     5.1579  33.733440    35.1030    27.7383    -0.0952 0.0000e+00
     87.000     5.1514     5.1446  33.723481    35.1049    27.7415    -0.0975 0.0000e+00
     88.000     5.1482     5.1413  33.721619    35.1056    27.7424    -0.0941 0.0000e+00
     89.000     5.1186     5.1116  33.695591    35.1062    27.7464    -0.1078 0.0000e+00
     90.000     5.0992     5.0922  33.680507    35.1085    27.7505    -0.0887 0.0000e+00
     91.000     5.0728     5.0656  33.656692    35.1083    27.7535    -0.1068 0.0000e+00
     92.000     5.0787     5.0715  33.663829    35.1098    27.7540    -0.1025 0.0000e+00
     93.000     5.0838     5.0765  33.671038    35.1122    27.7553    -0.1153 0.0000e+00
     94.000     5.0527     5.0454  33.642425    35.1112    27.7582    -0.1129 0.0000e+00
     95.000     5.0090     5.0016  33.600295    35.1079    27.7607    -0.1139 0.0000e+00
     96.000     4.9715     4.9641  33.562655    35.1032    27.7613    -0.1137 0.0000e+00
     97.000     4.9194     4.9119  33.511562    35.0983    27.7635    -0.1110 0.0000e+00
     98.000     4.9015     4.8939  33.494798    35.0972    27.7647    -0.1109 0.0000e+00
     99.000     4.8956     4.8880  33.489124    35.0963    27.7647    -0.1135 0.0000e+00
    100.000     4.8907     4.8830  33.484316    35.0953    27.7645    -0.1093 0.0000e+00
    101.000     4.8904     4.8826  33.484826    35.0956    27.7648    -0.0773 0.0000e+00
    102.000     4.8864     4.8786  33.481156    35.0950    27.7648    -0.1130 0.0000e+00
    103.000     4.7923     4.7844  33.385671    35.0827    27.7658    -0.1134 0.0000e+00
    104.000     4.5320     4.5243  33.126030    35.0538    27.7723    -0.1142 0.0000e+00
    105.000     4.4795     4.4717  33.076557    35.0509    27.7758    -0.1044 0.0000e+00
    106.000     4.4329     4.4252  33.031258    35.0464    27.7774    -0.0853 0.0000e+00
    107.000     4.4351     4.4272  33.034288    35.0472    27.7778    -0.1083 0.0000e+00
    108.000     4.4481     4.4402  33.048192    35.0492    27.7779    -0.1013 0.0000e+00
    109.000     4.4372     4.4292  33.038501    35.0488    27.7788    -0.0775 0.0000e+00
    110.000     4.3970     4.3890  32.999111    35.0445    27.7799    -0.0934 0.0000e+00
    111.000     4.3961     4.3880  33.000507    35.0466    27.7816    -0.0879 0.0000e+00
    112.000     4.4587     4.4504  33.064582    35.0551    27.7815    -0.0784 0.0000e+00
    113.000     4.4588     4.4505  33.065155    35.0551    27.7815    -0.1123 0.0000e+00
    114.000     4.4336     4.4253  33.039878    35.0515    27.7814    -0.1123 0.0000e+00
    115.000     4.3822     4.3738  32.991072    35.0481    27.7844    -0.1102 0.0000e+00
    116.000     4.3604     4.3520  32.968656    35.0443    27.7837    -0.0947 0.0000e+00
    117.000     4.3374     4.3289  32.948363    35.0443    27.7863    -0.0989 0.0000e+00
    118.000     4.3541     4.3455  32.967188    35.0482    27.7876    -0.1005 0.0000e+00
    119.000     4.3844     4.3757  33.000850    35.0551    27.7898    -0.0796 0.0000e+00
    120.000     4.3786     4.3698  32.996639    35.0558    27.7910    -0.0952 0.0000e+00
    121.000     4.3679     4.3591  32.987296    35.0556    27.7919    -0.0942 0.0000e+00
    122.000     4.3630     4.3541  32.983812    35.0563    27.7930    -0.1031 0.0000e+00
    123.000     4.3655     4.3565  32.988457    35.0585    27.7946    -0.0827 0.0000e+00
    124.000     4.3650     4.3559  32.989495    35.0597    27.7956    -0.1120 0.0000e+00
    125.000     4.3654     4.3563  32.991891    35.0615    27.7970    -0.1133 0.0000e+00
    126.000     4.3622     4.3530  32.989929    35.0621    27.7978    -0.1074 0.0000e+00
    127.000     4.3602     4.3510  32.988540    35.0620    27.7979    -0.1076 0.0000e+00
    128.000     4.3572     4.3479  32.986811    35.0627    27.7988    -0.1137 0.0000e+00
    129.000     4.3509     4.3415  32.982584    35.0638    27.8004    -0.1038 0.0000e+00
    130.000     4.3473     4.3378  32.980393    35.0645    27.8014    -0.0986 0.0000e+00
    131.000     4.3384     4.3288  32.973109    35.0649    27.8026    -0.1111 0.0000e+00
    132.000     4.3350     4.3254  32.970509    35.0649    27.8030    -0.0911 0.0000e+00
    133.000     4.3303     4.3206  32.965999    35.0640    27.8028    -0.1117 0.0000e+00
    134.000     4.3295     4.3198  32.965526    35.0637    27.8027    -0.1109 0.0000e+00
    135.000     4.3273     4.3175  32.963640    35.0633    27.8026    -0.1152 0.0000e+00
    136.000     4.3258     4.3159  32.962928    35.0635    27.8030    -0.1155 0.0000e+00
    137.000     4.3222     4.3122  32.959754    35.0631    27.8031    -0.1086 0.0000e+00
    138.000     4.3172     4.3072  32.955611    35.0630    27.8035    -0.1098 0.0000e+00
    139.000     4.3091     4.2990  32.948881    35.0631    27.8045    -0.0840 0.0000e+00
    140.000     4.3068     4.2967  32.947138    35.0629    27.8046    -0.1155 0.0000e+00
    141.000     4.2976     4.2874  32.939273    35.0629    27.8056    -0.1083 0.0000e+00
    142.000     4.2907     4.2805  32.933808    35.0632    27.8066    -0.1106 0.0000e+00
    143.000     4.2906     4.2803  32.934215    35.0633    27.8066    -0.1086 0.0000e+00
    144.000     4.2899     4.2794  32.933952    35.0632    27.8067    -0.1102 0.0000e+00
    145.000     4.2769     4.2664  32.922425    35.0629    27.8079    -0.1139 0.0000e+00
    146.000     4.2475     4.2370  32.895243    35.0615    27.8099    -0.1061 0.0000e+00
    147.000     4.2382     4.2276  32.887248    35.0615    27.8109    -0.1098 0.0000e+00
    148.000     4.2276     4.2170  32.877474    35.0606    27.8113    -0.1175 0.0000e+00
    149.000     4.2186     4.2079  32.869876    35.0607    27.8124    -0.1091 0.0000e+00
    150.000     4.2131     4.2023  32.866639    35.0621    27.8142    -0.1083 0.0000e+00
    151.000     4.2287     4.2179  32.883191    35.0645    27.8144    -0.1111 0.0000e+00
    152.000     4.2288     4.2179  32.883611    35.0644    27.8143    -0.1083 0.0000e+00
    153.000     4.2272     4.2162  32.882376    35.0641    27.8142    -0.1060 0.0000e+00
    154.000     4.2209     4.2098  32.877237    35.0642    27.8150    -0.1098 0.0000e+00
    155.000     4.2303     4.2192  32.887679    35.0660    27.8154    -0.0904 0.0000e+00
    156.000     4.2308     4.2196  32.889019    35.0665    27.8157    -0.1102 0.0000e+00
    157.000     4.2302     4.2189  32.888743    35.0663    27.8157    -0.1056 0.0000e+00
    158.000     4.2287     4.2174  32.887761    35.0661    27.8157    -0.1145 0.0000e+00
    159.000     4.2238     4.2124  32.883656    35.0660    27.8161    -0.1081 0.0000e+00
    160.000     4.2169     4.2054  32.877620    35.0657    27.8167    -0.1134 0.0000e+00
    161.000     4.2180     4.2064  32.879658    35.0664    27.8171    -0.1127 0.0000e+00
    162.000     4.2192     4.2075  32.881604    35.0668    27.8173    -0.1117 0.0000e+00
    163.000     4.2113     4.1996  32.875358    35.0673    27.8186    -0.1116 0.0000e+00
    164.000     4.1949     4.1831  32.861941    35.0684    27.8212    -0.1148 0.0000e+00
    165.000     4.1896     4.1778  32.857660    35.0684    27.8218    -0.1154 0.0000e+00
    166.000     4.1834     4.1715  32.852774    35.0687    27.8227    -0.1129 0.0000e+00
    167.000     4.1730     4.1611  32.843920    35.0687    27.8239    -0.0965 0.0000e+00
    168.000     4.1679     4.1558  32.839924    35.0690    27.8246    -0.1082 0.0000e+00
    169.000     4.1623     4.1502  32.835422    35.0690    27.8252    -0.1125 0.0000e+00
    170.000     4.1597     4.1475  32.833281    35.0687    27.8253    -0.1145 0.0000e+00
    171.000     4.1581     4.1459  32.832093    35.0684    27.8252    -0.1113 0.0000e+00
    172.000     4.1546     4.1423  32.829307    35.0683    27.8255    -0.1127 0.0000e+00
    173.000     4.1522     4.1399  32.827622    35.0684    27.8258    -0.1141 0.0000e+00
    174.000     4.1512     4.1388  32.827231    35.0684    27.8260    -0.1082 0.0000e+00
    175.000     4.1511     4.1385  32.827461    35.0683    27.8259    -0.1074 0.0000e+00
    176.000     4.1516     4.1390  32.828337    35.0683    27.8258    -0.1316 0.0000e+00
    177.000     4.1512     4.1385  32.828497    35.0684    27.8260    -0.1173 0.0000e+00
    178.000     4.1476     4.1349  32.826022    35.0687    27.8266    -0.1089 0.0000e+00
    179.000     4.1449     4.1321  32.824046    35.0687    27.8269    -0.1174 0.0000e+00
    180.000     4.1443     4.1314  32.823787    35.0685    27.8268    -0.1209 0.0000e+00
    181.000     4.1420     4.1290  32.822203    35.0686    27.8271    -0.1094 0.0000e+00
