development/example_data/cnv/atwain_cruise/AT289.cnv
* Sea-Bird SBE 9 Data File:
* FileName = C:\ATWAIN_2017\hex\AT289.hex
* Software Version Seasave V 7.21b
* Temperature SN = 2400
* Conductivity SN = 3234
* Number of Bytes Per Scan = 34
* Number of Voltage Words = 4
* Number of Scans Averaged by the Deck Unit = 1
* NMEA baud rate = 4800
** ATWAIN 2017
** R/V Lance
** Sounding depth: 245
** Latitude: 80 01.4859
** Longitude: 11 00.1848
# nquan = 8
# nvalues = 233                         
# units = specified
# name 0 = prDM: Pressure, Digiquartz [db]
# name 1 = t090C: Temperature [ITS-90, deg C]
# name 2 = potemp090C: Potential Temperature [ITS-90, deg C]
# name 3 = c0mS/cm: Conductivity [mS/cm]
# name 4 = sal00: Salinity, Practical [PSU]
# name 5 = sigma-é00: Density [sigma-theta, kg/m^3]
# name 6 = flECO-AFL: Fluorescence, WET Labs ECO-AFL/FL [mg/m^3]
# name 7 = flag: flag
# span 0 =      2.000,    234.000       
# span 1 =     4.6429,     6.5787       
# span 2 =     4.6252,     6.5729       
# span 3 =  33.260295,  34.962787       
# span 4 =    34.4007,    35.0933       
# span 5 =    27.1333,    27.7402       
# span 6 =    -0.1070,     1.0583       
# span 7 = 0.0000e+00, 0.0000e+00       
# interval = decibars: 1                
# start_time = Sep 24 2017 21:41:27 [System UTC, first data scan.]
# bad_flag = -9.990e-29
*END*
      2.000     5.5672     5.5671  33.447875    34.4014    27.1334     1.0046 0.0000e+00
      3.000     5.5639     5.5636  33.444739    34.4007    27.1333     0.9630 0.0000e+00
      4.000     5.5616     5.5613  33.443171    34.4007    27.1336     1.0203 0.0000e+00
      5.000     5.5671     5.5667  33.449746    34.4021    27.1340     1.0044 0.0000e+00
      6.000     5.5727     5.5722  33.458626    34.4060    27.1364     1.0335 0.0000e+00
      7.000     5.5708     5.5702  33.456075    34.4045    27.1355     1.0583 0.0000e+00
      8.000     5.5749     5.5743  33.462779    34.4074    27.1373     0.9741 0.0000e+00
      9.000     5.5941     5.5934  33.493701    34.4225    27.1469     0.9888 0.0000e+00
     10.000     5.6065     5.6057  33.513432    34.4318    27.1528     0.9792 0.0000e+00
     11.000     5.6086     5.6077  33.517374    34.4336    27.1540     1.0549 0.0000e+00
     12.000     5.6362     5.6352  33.563080    34.4569    27.1691     1.0094 0.0000e+00
     13.000     5.6673     5.6663  33.616946    34.4858    27.1881     0.9916 0.0000e+00
     14.000     5.6885     5.6873  33.650984    34.5024    27.1987     0.8987 0.0000e+00
     15.000     5.7093     5.7081  33.686791    34.5213    27.2110     0.8821 0.0000e+00
     16.000     5.7274     5.7261  33.718101    34.5378    27.2218     0.9526 0.0000e+00
     17.000     5.7451     5.7437  33.748799    34.5540    27.2325     0.8790 0.0000e+00
     18.000     5.7471     5.7456  33.752616    34.5558    27.2337     0.8159 0.0000e+00
     19.000     5.7476     5.7460  33.754253    34.5567    27.2343     0.8122 0.0000e+00
     20.000     5.8298     5.8281  33.895120    34.6318    27.2834     0.8364 0.0000e+00
     21.000     5.8723     5.8705  33.970154    34.6727    27.3105     0.7305 0.0000e+00
     22.000     5.8775     5.8757  33.980777    34.6788    27.3147     0.6386 0.0000e+00
     23.000     5.8769     5.8750  33.981648    34.6800    27.3157     0.6220 0.0000e+00
     24.000     5.8755     5.8734  33.981269    34.6805    27.3163     0.5863 0.0000e+00
     25.000     5.8752     5.8732  33.981300    34.6803    27.3161     0.5807 0.0000e+00
     26.000     5.8743     5.8721  33.981422    34.6809    27.3167     0.6026 0.0000e+00
     27.000     5.8742     5.8720  33.981650    34.6806    27.3165     0.6254 0.0000e+00
     28.000     5.8732     5.8709  33.982262    34.6818    27.3176     0.6127 0.0000e+00
     29.000     5.8675     5.8651  33.982611    34.6876    27.3229     0.5582 0.0000e+00
     30.000     5.8656     5.8631  33.985109    34.6919    27.3266     0.5760 0.0000e+00
     31.000     5.8646     5.8620  33.997441    34.7063    27.3381     0.6309 0.0000e+00
     32.000     5.8639     5.8612  34.032966    34.7468    27.3702     0.6653 0.0000e+00
     33.000     5.8584     5.8556  34.041028    34.7612    27.3823     0.6250 0.0000e+00
     34.000     5.8567     5.8539  34.047019    34.7692    27.3889     0.5500 0.0000e+00
     35.000     5.8678     5.8649  34.063296    34.7757    27.3926     0.5381 0.0000e+00
     36.000     5.9139     5.9109  34.122355    34.7946    27.4017     0.5824 0.0000e+00
     37.000     5.9478     5.9447  34.169404    34.8124    27.4115     0.6548 0.0000e+00
     38.000     5.9624     5.9592  34.189466    34.8196    27.4154     0.6568 0.0000e+00
     39.000     5.9749     5.9716  34.207483    34.8266    27.4194     0.6562 0.0000e+00
     40.000     5.9850     5.9816  34.221832    34.8319    27.4222     0.7331 0.0000e+00
     41.000     5.9904     5.9870  34.230708    34.8358    27.4246     0.7259 0.0000e+00
     42.000     6.0025     5.9989  34.247891    34.8423    27.4283     0.7316 0.0000e+00
     43.000     6.0083     6.0047  34.256843    34.8459    27.4303     0.7122 0.0000e+00
     44.000     6.0111     6.0073  34.261703    34.8481    27.4317     0.6780 0.0000e+00
     45.000     6.0241     6.0203  34.280121    34.8550    27.4355     0.6611 0.0000e+00
     46.000     6.0408     6.0369  34.306270    34.8667    27.4427     0.6858 0.0000e+00
     47.000     6.0490     6.0450  34.318408    34.8715    27.4455     0.6795 0.0000e+00
     48.000     6.0551     6.0510  34.327618    34.8752    27.4475     0.6890 0.0000e+00
     49.000     6.0613     6.0572  34.336845    34.8786    27.4495     0.7022 0.0000e+00
     50.000     6.0771     6.0728  34.358900    34.8867    27.4539     0.6920 0.0000e+00
     51.000     6.0985     6.0942  34.387634    34.8965    27.4589     0.6523 0.0000e+00
     52.000     6.1262     6.1217  34.424382    34.9090    27.4652     0.6042 0.0000e+00
     53.000     6.2091     6.2045  34.523662    34.9349    27.4749     0.6146 0.0000e+00
     54.000     6.2311     6.2265  34.554625    34.9465    27.4812     0.7358 0.0000e+00
     55.000     6.1853     6.1806  34.510979    34.9441    27.4852     0.7068 0.0000e+00
     56.000     6.1595     6.1547  34.485974    34.9420    27.4870     0.7205 0.0000e+00
     57.000     6.1486     6.1437  34.475435    34.9408    27.4874     0.7702 0.0000e+00
     58.000     6.1682     6.1632  34.498225    34.9458    27.4888     0.7369 0.0000e+00
     59.000     6.2085     6.2034  34.542220    34.9533    27.4895     0.6883 0.0000e+00
     60.000     6.2691     6.2639  34.612182    34.9691    27.4941     0.6781 0.0000e+00
     61.000     6.3582     6.3528  34.712543    34.9895    27.4985     0.6813 0.0000e+00
     62.000     6.4303     6.4248  34.791819    35.0037    27.5002     0.7416 0.0000e+00
     63.000     6.5217     6.5161  34.894201    35.0237    27.5038     0.7703 0.0000e+00
     64.000     6.5689     6.5631  34.948160    35.0350    27.5063     0.8040 0.0000e+00
     65.000     6.5787     6.5729  34.960889    35.0386    27.5079     0.7898 0.0000e+00
     66.000     6.5752     6.5693  34.959070    35.0397    27.5092     0.7981 0.0000e+00
     67.000     6.5774     6.5714  34.962787    35.0410    27.5099     0.7853 0.0000e+00
     68.000     6.5754     6.5693  34.961829    35.0415    27.5106     0.7347 0.0000e+00
     69.000     6.5692     6.5630  34.956155    35.0410    27.5111     0.7409 0.0000e+00
     70.000     6.5669     6.5606  34.954876    35.0415    27.5118     0.7535 0.0000e+00
     71.000     6.5695     6.5631  34.958589    35.0424    27.5122     0.8057 0.0000e+00
     72.000     6.5647     6.5583  34.955088    35.0429    27.5132     0.7977 0.0000e+00
     73.000     6.5489     6.5424  34.939667    35.0415    27.5142     0.7898 0.0000e+00
     74.000     6.5521     6.5455  34.944990    35.0436    27.5155     0.8065 0.0000e+00
     75.000     6.5536     6.5469  34.947474    35.0443    27.5158     0.8526 0.0000e+00
     76.000     6.5523     6.5455  34.947396    35.0450    27.5166     0.8204 0.0000e+00
     77.000     6.5462     6.5393  34.942800    35.0456    27.5179     0.7690 0.0000e+00
     78.000     6.5394     6.5324  34.936999    35.0457    27.5189     0.7852 0.0000e+00
     79.000     6.5193     6.5122  34.917242    35.0437    27.5201     0.7251 0.0000e+00
     80.000     6.5095     6.5023  34.907591    35.0425    27.5204     0.6913 0.0000e+00
     81.000     6.4494     6.4422  34.847211    35.0363    27.5236     0.6904 0.0000e+00
     82.000     6.4325     6.4252  34.831694    35.0358    27.5254     0.6689 0.0000e+00
     83.000     6.4366     6.4292  34.837105    35.0371    27.5260     0.6928 0.0000e+00
     84.000     6.4396     6.4321  34.841017    35.0379    27.5262     0.6056 0.0000e+00
     85.000     6.4528     6.4453  34.856382    35.0409    27.5268     0.5270 0.0000e+00
     86.000     6.4646     6.4570  34.869805    35.0433    27.5271     0.5499 0.0000e+00
     87.000     6.4685     6.4607  34.874736    35.0444    27.5275     0.5703 0.0000e+00
     88.000     6.4764     6.4685  34.884092    35.0462    27.5279     0.6029 0.0000e+00
     89.000     6.4725     6.4645  34.881118    35.0464    27.5286     0.5546 0.0000e+00
     90.000     6.4006     6.3926  34.809486    35.0396    27.5328     0.5512 0.0000e+00
     91.000     6.3482     6.3402  34.756243    35.0334    27.5348     0.5495 0.0000e+00
     92.000     6.3438     6.3357  34.751994    35.0326    27.5348     0.5355 0.0000e+00
     93.000     6.3161     6.3080  34.723604    35.0287    27.5354     0.5167 0.0000e+00
     94.000     6.2367     6.2285  34.643222    35.0198    27.5388     0.4922 0.0000e+00
     95.000     6.2249     6.2166  34.633238    35.0203    27.5407     0.4886 0.0000e+00
     96.000     6.2428     6.2344  34.652899    35.0234    27.5409     0.5129 0.0000e+00
     97.000     6.2679     6.2594  34.680999    35.0285    27.5416     0.4646 0.0000e+00
     98.000     6.2423     6.2337  34.656558    35.0270    27.5438     0.4757 0.0000e+00
     99.000     6.1575     6.1489  34.569499    35.0160    27.5462     0.4243 0.0000e+00
    100.000     6.0920     6.0834  34.503576    35.0087    27.5489     0.4273 0.0000e+00
    101.000     6.0541     6.0454  34.464833    35.0037    27.5498     0.4242 0.0000e+00
    102.000     6.0325     6.0238  34.444051    35.0020    27.5512     0.4152 0.0000e+00
    103.000     6.0252     6.0164  34.436953    35.0010    27.5514     0.4218 0.0000e+00
    104.000     6.0028     5.9939  34.415405    34.9993    27.5530     0.3849 0.0000e+00
    105.000     6.0524     6.0434  34.469743    35.0089    27.5542     0.3754 0.0000e+00
    106.000     5.8750     5.8660  34.296339    34.9957    27.5664     0.3705 0.0000e+00
    107.000     5.7928     5.7839  34.215612    34.9886    27.5712     0.3397 0.0000e+00
    108.000     5.7395     5.7305  34.164540    34.9854    27.5754     0.2946 0.0000e+00
    109.000     5.6706     5.6616  34.104247    34.9877    27.5858     0.2730 0.0000e+00
    110.000     5.6361     5.6270  34.076695    34.9916    27.5932     0.2788 0.0000e+00
    111.000     5.5997     5.5906  34.046426    34.9944    27.5999     0.2429 0.0000e+00
    112.000     5.5537     5.5445  34.004967    34.9944    27.6056     0.1793 0.0000e+00
    113.000     5.5313     5.5220  33.984127    34.9934    27.6075     0.1550 0.0000e+00
    114.000     5.5316     5.5222  33.984966    34.9935    27.6076     0.1446 0.0000e+00
    115.000     5.5174     5.5080  33.973138    34.9942    27.6099     0.1401 0.0000e+00
    116.000     5.5142     5.5047  33.972484    34.9963    27.6120     0.1391 0.0000e+00
    117.000     5.4837     5.4742  33.942759    34.9935    27.6135     0.1413 0.0000e+00
    118.000     5.4501     5.4405  33.911772    34.9925    27.6168     0.1209 0.0000e+00
    119.000     5.4504     5.4407  33.914631    34.9949    27.6187     0.1283 0.0000e+00
    120.000     5.4649     5.4551  33.932031    34.9992    27.6204     0.1072 0.0000e+00
    121.000     5.4699     5.4601  33.943404    35.0065    27.6255     0.1099 0.0000e+00
    122.000     5.4736     5.4637  33.951088    35.0110    27.6286     0.1099 0.0000e+00
    123.000     5.4766     5.4665  33.956794    35.0139    27.6306     0.0830 0.0000e+00
    124.000     5.4952     5.4850  33.978818    35.0192    27.6325     0.0599 0.0000e+00
    125.000     5.4723     5.4622  33.961239    35.0223    27.6378     0.0338 0.0000e+00
    126.000     5.4686     5.4583  33.961304    35.0258    27.6410     0.0218 0.0000e+00
    127.000     5.4533     5.4430  33.947830    35.0258    27.6429     0.0120 0.0000e+00
    128.000     5.4585     5.4481  33.954039    35.0270    27.6432     0.0109 0.0000e+00
    129.000     5.4793     5.4688  33.979805    35.0343    27.6464     0.0129 0.0000e+00
    130.000     5.4510     5.4404  33.953182    35.0327    27.6487     0.0221 0.0000e+00
    131.000     5.4321     5.4215  33.935162    35.0313    27.6499    -0.0213 0.0000e+00
    132.000     5.4385     5.4278  33.942865    35.0329    27.6503    -0.0000 0.0000e+00
    133.000     5.4505     5.4397  33.957622    35.0368    27.6520    -0.0025 0.0000e+00
    134.000     5.4101     5.3992  33.920534    35.0359    27.6562    -0.0200 0.0000e+00
    135.000     5.4072     5.3963  33.920079    35.0378    27.6581    -0.0223 0.0000e+00
    136.000     5.4161     5.4051  33.933150    35.0431    27.6612    -0.0213 0.0000e+00
    137.000     5.4053     5.3942  33.925019    35.0445    27.6636    -0.0279 0.0000e+00
    138.000     5.4168     5.4056  33.937990    35.0469    27.6641    -0.0232 0.0000e+00
    139.000     5.4264     5.4152  33.949582    35.0495    27.6651    -0.0357 0.0000e+00
    140.000     5.4429     5.4315  33.967237    35.0521    27.6651    -0.0448 0.0000e+00
    141.000     5.4491     5.4376  33.974803    35.0537    27.6656    -0.0443 0.0000e+00
    142.000     5.4434     5.4318  33.970776    35.0546    27.6670    -0.0437 0.0000e+00
    143.000     5.4434     5.4317  33.972581    35.0561    27.6683    -0.0548 0.0000e+00
    144.000     5.4471     5.4353  33.978453    35.0585    27.6697    -0.0612 0.0000e+00
    145.000     5.4559     5.4441  33.991590    35.0638    27.6728    -0.0670 0.0000e+00
    146.000     5.4809     5.4690  34.022163    35.0722    27.6764    -0.0696 0.0000e+00
    147.000     5.4967     5.4846  34.040594    35.0763    27.6778    -0.0644 0.0000e+00
    148.000     5.5092     5.4970  34.056619    35.0811    27.6800    -0.0901 0.0000e+00
    149.000     5.5245     5.5122  34.074252    35.0848    27.6811    -0.0758 0.0000e+00
    150.000     5.5236     5.5113  34.075730    35.0868    27.6828    -0.0672 0.0000e+00
    151.000     5.5168     5.5044  34.071817    35.0889    27.6853    -0.0995 0.0000e+00
    152.000     5.5206     5.5081  34.078344    35.0919    27.6873    -0.1012 0.0000e+00
    153.000     5.5242     5.5117  34.082666    35.0925    27.6873    -0.1008 0.0000e+00
    154.000     5.5271     5.5145  34.085909    35.0927    27.6871    -0.0681 0.0000e+00
    155.000     5.5297     5.5170  34.089262    35.0933    27.6873    -0.0929 0.0000e+00
    156.000     5.5146     5.5018  34.075208    35.0925    27.6885    -0.0755 0.0000e+00
    157.000     5.5141     5.5012  34.074810    35.0921    27.6882    -0.0792 0.0000e+00
    158.000     5.4981     5.4852  34.059569    35.0907    27.6891    -0.0918 0.0000e+00
    159.000     5.4867     5.4737  34.048888    35.0899    27.6899    -0.0875 0.0000e+00
    160.000     5.4763     5.4632  34.039622    35.0896    27.6909    -0.1013 0.0000e+00
    161.000     5.4711     5.4580  34.035212    35.0895    27.6915    -0.1042 0.0000e+00
    162.000     5.4690     5.4557  34.033053    35.0887    27.6912    -0.1016 0.0000e+00
    163.000     5.4640     5.4507  34.028497    35.0882    27.6913    -0.0983 0.0000e+00
    164.000     5.4355     5.4221  34.002003    35.0871    27.6940    -0.0820 0.0000e+00
    165.000     5.3846     5.3712  33.955208    35.0861    27.6994    -0.0920 0.0000e+00
    166.000     5.3697     5.3562  33.940605    35.0844    27.6998    -0.0866 0.0000e+00
    167.000     5.3624     5.3489  33.933770    35.0836    27.7001    -0.0997 0.0000e+00
    168.000     5.3514     5.3379  33.924080    35.0834    27.7013    -0.0886 0.0000e+00
    169.000     5.3294     5.3158  33.903084    35.0818    27.7027    -0.1070 0.0000e+00
    170.000     5.3166     5.3029  33.890564    35.0803    27.7031    -0.0959 0.0000e+00
    171.000     5.2636     5.2499  33.842064    35.0795    27.7087    -0.0846 0.0000e+00
    172.000     5.2342     5.2204  33.813098    35.0764    27.7099    -0.0728 0.0000e+00
    173.000     5.1838     5.1700  33.765187    35.0735    27.7136    -0.0981 0.0000e+00
    174.000     5.1604     5.1466  33.742506    35.0714    27.7146    -0.0832 0.0000e+00
    175.000     5.1172     5.1033  33.699706    35.0667    27.7161    -0.0680 0.0000e+00
    176.000     4.9685     4.9547  33.554527    35.0544    27.7237    -0.0999 0.0000e+00
    177.000     4.8585     4.8449  33.446431    35.0441    27.7283    -0.1000 0.0000e+00
    178.000     4.8322     4.8186  33.420984    35.0416    27.7293    -0.0744 0.0000e+00
    179.000     4.8215     4.8077  33.410377    35.0401    27.7294    -0.0831 0.0000e+00
    180.000     4.8246     4.8108  33.413148    35.0394    27.7285    -0.0742 0.0000e+00
