development/example_data/cnv/atwain_cruise/AT282.cnv
* Sea-Bird SBE 9 Data File:
* FileName = C:\ATWAIN_2017\hex\AT282.hex
* Software Version Seasave V 7.21b
* Temperature SN = 2400
* Conductivity SN = 3234
* Number of Bytes Per Scan = 34
* Number of Voltage Words = 4
* Number of Scans Averaged by the Deck Unit = 1
* NMEA baud rate = 4800
** ATWAIN 2017
** R/V Lance
** Sounding depth: 708
** Latitude: 80 22.5009
** Longitude: 008 47.9430
# nquan = 8
# nvalues = 698                         
# units = specified
# name 0 = prDM: Pressure, Digiquartz [db]
# name 1 = t090C: Temperature [ITS-90, deg C]
# name 2 = potemp090C: Potential Temperature [ITS-90, deg C]
# name 3 = c0mS/cm: Conductivity [mS/cm]
# name 4 = sal00: Salinity, Practical [PSU]
# name 5 = sigma-é00: Density [sigma-theta, kg/m^3]
# name 6 = flECO-AFL: Fluorescence, WET Labs ECO-AFL/FL [mg/m^3]
# name 7 = flag: flag
# span 0 =      3.000,    700.000       
# span 1 =     0.9800,     6.8338       
# span 2 =     0.9450,     6.8292       
# span 3 =  30.165767,  35.190357       
# span 4 =    33.7872,    35.1182       
# span 5 =    26.8594,    28.0106       
# span 6 =    -0.1310,     3.6553       
# span 7 = 0.0000e+00, 0.0000e+00       
# interval = decibars: 1                
# start_time = Sep 24 2017 13:41:09 [System UTC, first data scan.]
# bad_flag = -9.990e-29
*END*
[from data line 180]
    183.000     4.5156     4.5019  33.174065    35.0851    27.7996    -0.1008 0.0000e+00
    184.000     4.4994     4.4857  33.159025    35.0841    27.8006    -0.1035 0.0000e+00
    185.000     4.4839     4.4702  33.144430    35.0828    27.8013    -0.1216 0.0000e+00
    186.000     4.4673     4.4536  33.128376    35.0810    27.8017    -0.0955 0.0000e+00
    187.000     4.4545     4.4406  33.116642    35.0803    27.8027    -0.1090 0.0000e+00
    188.000     4.4455     4.4316  33.108249    35.0794    27.8029    -0.1163 0.0000e+00
    189.000     4.4399     4.4259  33.103069    35.0788    27.8030    -0.1041 0.0000e+00
    190.000     4.4367     4.4227  33.100237    35.0783    27.8030    -0.1113 0.0000e+00
    191.000     4.4283     4.4142  33.092459    35.0775    27.8033    -0.0958 0.0000e+00
    192.000     4.4265     4.4123  33.091044    35.0772    27.8033    -0.0974 0.0000e+00
    193.000     4.4189     4.4047  33.084406    35.0769    27.8039    -0.1190 0.0000e+00
    194.000     4.4188     4.4045  33.084549    35.0766    27.8037    -0.1231 0.0000e+00
    195.000     4.4134     4.3990  33.079854    35.0763    27.8040    -0.1006 0.0000e+00
    196.000     4.4101     4.3956  33.077335    35.0764    27.8045    -0.1098 0.0000e+00
    197.000     4.4094     4.3949  33.077140    35.0763    27.8045    -0.1007 0.0000e+00
    198.000     4.4084     4.3938  33.076619    35.0762    27.8045    -0.1065 0.0000e+00
    199.000     4.4059     4.3912  33.075186    35.0767    27.8052    -0.0974 0.0000e+00
    200.000     4.4043     4.3896  33.074343    35.0768    27.8055    -0.1191 0.0000e+00
    201.000     4.3994     4.3846  33.070638    35.0772    27.8063    -0.1011 0.0000e+00
    202.000     4.3890     4.3741  33.061943    35.0775    27.8077    -0.0979 0.0000e+00
    203.000     4.3830     4.3681  33.057225    35.0777    27.8085    -0.0971 0.0000e+00
    204.000     4.3804     4.3654  33.054928    35.0772    27.8085    -0.0974 0.0000e+00
    205.000     4.3789     4.3639  33.054151    35.0773    27.8087    -0.0987 0.0000e+00
    206.000     4.3788     4.3636  33.054183    35.0770    27.8084    -0.1087 0.0000e+00
    207.000     4.3788     4.3636  33.054689    35.0770    27.8085    -0.1078 0.0000e+00
    208.000     4.3785     4.3632  33.054778    35.0769    27.8085    -0.1218 0.0000e+00
    209.000     4.3758     4.3604  33.052971    35.0772    27.8089    -0.1007 0.0000e+00
    210.000     4.3695     4.3541  33.047990    35.0774    27.8098    -0.1008 0.0000e+00
    211.000     4.3561     4.3406  33.036120    35.0771    27.8111    -0.1031 0.0000e+00
    212.000     4.3463     4.3307  33.027360    35.0767    27.8118    -0.1127 0.0000e+00
    213.000     4.3411     4.3255  33.023018    35.0766    27.8123    -0.1233 0.0000e+00
    214.000     4.3306     4.3149  33.014192    35.0767    27.8136    -0.0980 0.0000e+00
    215.000     4.3261     4.3104  33.010338    35.0764    27.8138    -0.1014 0.0000e+00
    216.000     4.3231     4.3073  33.007897    35.0762    27.8140    -0.1180 0.0000e+00
    217.000     4.3186     4.3027  33.004153    35.0760    27.8143    -0.1106 0.0000e+00
    218.000     4.3090     4.2931  32.996051    35.0761    27.8155    -0.1209 0.0000e+00
    219.000     4.3048     4.2888  32.992900    35.0764    27.8161    -0.1007 0.0000e+00
    220.000     4.2990     4.2829  32.988133    35.0764    27.8168    -0.0975 0.0000e+00
    221.000     4.2937     4.2775  32.983782    35.0764    27.8173    -0.0984 0.0000e+00
    222.000     4.2895     4.2733  32.980303    35.0761    27.8176    -0.1081 0.0000e+00
    223.000     4.2838     4.2676  32.975542    35.0760    27.8182    -0.0988 0.0000e+00
    224.000     4.2786     4.2623  32.971287    35.0761    27.8188    -0.1086 0.0000e+00
    225.000     4.2733     4.2569  32.966883    35.0760    27.8193    -0.1118 0.0000e+00
    226.000     4.2640     4.2476  32.959114    35.0761    27.8204    -0.1206 0.0000e+00
    227.000     4.2608     4.2443  32.956458    35.0758    27.8205    -0.1163 0.0000e+00
    228.000     4.2564     4.2398  32.953029    35.0759    27.8211    -0.1033 0.0000e+00
    229.000     4.2570     4.2404  32.953897    35.0758    27.8209    -0.1027 0.0000e+00
    230.000     4.2518     4.2350  32.949303    35.0754    27.8212    -0.1262 0.0000e+00
    231.000     4.2504     4.2336  32.949293    35.0763    27.8220    -0.1046 0.0000e+00
    232.000     4.2516     4.2347  32.950975    35.0765    27.8221    -0.1014 0.0000e+00
    233.000     4.2522     4.2353  32.952263    35.0768    27.8223    -0.0974 0.0000e+00
    234.000     4.2540     4.2370  32.955428    35.0781    27.8231    -0.1017 0.0000e+00
    235.000     4.2547     4.2376  32.956854    35.0785    27.8234    -0.0988 0.0000e+00
    236.000     4.2521     4.2349  32.954764    35.0782    27.8235    -0.1006 0.0000e+00
    237.000     4.2326     4.2153  32.936788    35.0773    27.8248    -0.1020 0.0000e+00
    238.000     4.2281     4.2108  32.933390    35.0775    27.8255    -0.1215 0.0000e+00
    239.000     4.2273     4.2099  32.932999    35.0773    27.8254    -0.1081 0.0000e+00
    240.000     4.2270     4.2096  32.933052    35.0772    27.8254    -0.0974 0.0000e+00
    241.000     4.2251     4.2076  32.931560    35.0769    27.8253    -0.0990 0.0000e+00
    242.000     4.2204     4.2029  32.927448    35.0765    27.8255    -0.1183 0.0000e+00
    243.000     4.2168     4.1991  32.924897    35.0768    27.8262    -0.1104 0.0000e+00
    244.000     4.1990     4.1813  32.908096    35.0753    27.8269    -0.1245 0.0000e+00
    245.000     4.1730     4.1553  32.884097    35.0741    27.8287    -0.1247 0.0000e+00
    246.000     4.1762     4.1584  32.887470    35.0741    27.8284    -0.1036 0.0000e+00
    247.000     4.1865     4.1686  32.898323    35.0755    27.8284    -0.1105 0.0000e+00
    248.000     4.1928     4.1748  32.905882    35.0772    27.8291    -0.1071 0.0000e+00
    249.000     4.1827     4.1646  32.896375    35.0762    27.8294    -0.1002 0.0000e+00
    250.000     4.1536     4.1356  32.867991    35.0730    27.8300    -0.1261 0.0000e+00
    251.000     4.1067     4.0887  32.822027    35.0680    27.8310    -0.1031 0.0000e+00
    252.000     4.1035     4.0855  32.818610    35.0668    27.8303    -0.0994 0.0000e+00
    253.000     4.1003     4.0822  32.816375    35.0670    27.8309    -0.1103 0.0000e+00
    254.000     4.1082     4.0900  32.825073    35.0684    27.8311    -0.1257 0.0000e+00
    255.000     4.1198     4.1015  32.837548    35.0703    27.8314    -0.1256 0.0000e+00
    256.000     4.1186     4.1002  32.837557    35.0711    27.8322    -0.1152 0.0000e+00
    257.000     4.1102     4.0917  32.830375    35.0709    27.8330    -0.1012 0.0000e+00
    258.000     4.1051     4.0866  32.826112    35.0707    27.8334    -0.1158 0.0000e+00
    259.000     4.1055     4.0869  32.826971    35.0708    27.8334    -0.1237 0.0000e+00
    260.000     4.1042     4.0855  32.826114    35.0707    27.8334    -0.1049 0.0000e+00
    261.000     4.0908     4.0721  32.813822    35.0698    27.8341    -0.1233 0.0000e+00
    262.000     4.0810     4.0622  32.805522    35.0699    27.8353    -0.1261 0.0000e+00
    263.000     4.0789     4.0601  32.804640    35.0705    27.8360    -0.1104 0.0000e+00
    264.000     4.0796     4.0606  32.806214    35.0712    27.8365    -0.1210 0.0000e+00
    265.000     4.0786     4.0596  32.805581    35.0710    27.8364    -0.0989 0.0000e+00
    266.000     4.0773     4.0582  32.804793    35.0708    27.8365    -0.0993 0.0000e+00
    267.000     4.0769     4.0578  32.804945    35.0709    27.8365    -0.1185 0.0000e+00
    268.000     4.0750     4.0558  32.803449    35.0706    27.8365    -0.1026 0.0000e+00
    269.000     4.0752     4.0560  32.804417    35.0710    27.8368    -0.0995 0.0000e+00
    270.000     4.0734     4.0540  32.803360    35.0712    27.8372    -0.1108 0.0000e+00
    271.000     4.0694     4.0500  32.800190    35.0711    27.8375    -0.1093 0.0000e+00
    272.000     4.0684     4.0489  32.799809    35.0712    27.8377    -0.1006 0.0000e+00
    273.000     4.0647     4.0452  32.796584    35.0707    27.8377    -0.1266 0.0000e+00
    274.000     4.0573     4.0376  32.790210    35.0706    27.8384    -0.1276 0.0000e+00
    275.000     4.0488     4.0291  32.782891    35.0704    27.8392    -0.1156 0.0000e+00
    276.000     4.0450     4.0253  32.779937    35.0704    27.8396    -0.1043 0.0000e+00
    277.000     4.0436     4.0238  32.779124    35.0704    27.8397    -0.1004 0.0000e+00
    278.000     4.0463     4.0265  32.782998    35.0715    27.8404    -0.1237 0.0000e+00
    279.000     4.0412     4.0212  32.778999    35.0718    27.8411    -0.1073 0.0000e+00
    280.000     4.0296     4.0096  32.768705    35.0713    27.8420    -0.1047 0.0000e+00
    281.000     4.0255     4.0055  32.765717    35.0716    27.8427    -0.1037 0.0000e+00
    282.000     4.0263     4.0061  32.766857    35.0716    27.8426    -0.1134 0.0000e+00
    283.000     4.0253     4.0051  32.766641    35.0718    27.8429    -0.1213 0.0000e+00
    284.000     4.0254     4.0051  32.767495    35.0722    27.8432    -0.1010 0.0000e+00
    285.000     4.0235     4.0031  32.766336    35.0724    27.8435    -0.1034 0.0000e+00
    286.000     4.0082     3.9878  32.751835    35.0709    27.8439    -0.1019 0.0000e+00
    287.000     4.0000     3.9796  32.744400    35.0703    27.8443    -0.1022 0.0000e+00
    288.000     3.9988     3.9783  32.743735    35.0702    27.8444    -0.1158 0.0000e+00
    289.000     3.9923     3.9717  32.738007    35.0698    27.8448    -0.1039 0.0000e+00
    290.000     3.9871     3.9665  32.733968    35.0700    27.8455    -0.1060 0.0000e+00
    291.000     3.9831     3.9624  32.731081    35.0703    27.8461    -0.1046 0.0000e+00
    292.000     3.9826     3.9618  32.731201    35.0705    27.8463    -0.1065 0.0000e+00
    293.000     3.9758     3.9550  32.725395    35.0703    27.8469    -0.1234 0.0000e+00
    294.000     3.9750     3.9541  32.725329    35.0706    27.8472    -0.1011 0.0000e+00
    295.000     3.9813     3.9603  32.732358    35.0716    27.8474    -0.0990 0.0000e+00
    296.000     3.9811     3.9601  32.732547    35.0715    27.8473    -0.1017 0.0000e+00
    297.000     3.9785     3.9574  32.730736    35.0715    27.8476    -0.1007 0.0000e+00
    298.000     3.9710     3.9498  32.723509    35.0705    27.8476    -0.1016 0.0000e+00
    299.000     3.9582     3.9370  32.711475    35.0692    27.8479    -0.1014 0.0000e+00
    300.000     3.9468     3.9255  32.700737    35.0682    27.8483    -0.0938 0.0000e+00
    301.000     3.9410     3.9196  32.695740    35.0679    27.8487    -0.1189 0.0000e+00
    302.000     3.9427     3.9213  32.697695    35.0679    27.8485    -0.1049 0.0000e+00
    303.000     3.9432     3.9217  32.698546    35.0678    27.8484    -0.1083 0.0000e+00
    304.000     3.9396     3.9181  32.695729    35.0677    27.8487    -0.1095 0.0000e+00
    305.000     3.9395     3.9179  32.696652    35.0684    27.8492    -0.0981 0.0000e+00
    306.000     3.9422     3.9205  32.700753    35.0699    27.8502    -0.0992 0.0000e+00
    307.000     3.9364     3.9147  32.696093    35.0699    27.8508    -0.1019 0.0000e+00
    308.000     3.9326     3.9108  32.692773    35.0695    27.8509    -0.1022 0.0000e+00
    309.000     3.9281     3.9062  32.689027    35.0693    27.8512    -0.1237 0.0000e+00
    310.000     3.9238     3.9018  32.685226    35.0689    27.8513    -0.1123 0.0000e+00
    311.000     3.9185     3.8965  32.680681    35.0686    27.8516    -0.1119 0.0000e+00
    312.000     3.9067     3.8847  32.670725    35.0687    27.8530    -0.1126 0.0000e+00
    313.000     3.8994     3.8773  32.665087    35.0693    27.8542    -0.0997 0.0000e+00
    314.000     3.8899     3.8677  32.656787    35.0691    27.8550    -0.0997 0.0000e+00
    315.000     3.8870     3.8648  32.654372    35.0688    27.8551    -0.1190 0.0000e+00
    316.000     3.8818     3.8595  32.649993    35.0686    27.8555    -0.1166 0.0000e+00
    317.000     3.8780     3.8557  32.646971    35.0685    27.8558    -0.1004 0.0000e+00
    318.000     3.8761     3.8537  32.646061    35.0688    27.8563    -0.1010 0.0000e+00
    319.000     3.8795     3.8570  32.649894    35.0693    27.8563    -0.0990 0.0000e+00
    320.000     3.8849     3.8624  32.656230    35.0705    27.8567    -0.1069 0.0000e+00
    321.000     3.8509     3.8283  32.624146    35.0681    27.8583    -0.1196 0.0000e+00
    322.000     3.8357     3.8131  32.610838    35.0680    27.8598    -0.1016 0.0000e+00
    323.000     3.8378     3.8151  32.613014    35.0678    27.8594    -0.1035 0.0000e+00
    324.000     3.8304     3.8077  32.606211    35.0670    27.8596    -0.1002 0.0000e+00
    325.000     3.8260     3.8032  32.602478    35.0667    27.8598    -0.1011 0.0000e+00
    326.000     3.8164     3.7935  32.593209    35.0655    27.8598    -0.0980 0.0000e+00
    327.000     3.8060     3.7831  32.584174    35.0652    27.8606    -0.1177 0.0000e+00
    328.000     3.8010     3.7781  32.580147    35.0652    27.8612    -0.1061 0.0000e+00
    329.000     3.7987     3.7757  32.578434    35.0651    27.8613    -0.1254 0.0000e+00
    330.000     3.7959     3.7729  32.576806    35.0655    27.8620    -0.1100 0.0000e+00
    331.000     3.7961     3.7729  32.577422    35.0656    27.8620    -0.1102 0.0000e+00
    332.000     3.7965     3.7733  32.578901    35.0664    27.8626    -0.1275 0.0000e+00
    333.000     3.7953     3.7720  32.578448    35.0666    27.8629    -0.1256 0.0000e+00
    334.000     3.7945     3.7712  32.578522    35.0670    27.8633    -0.1256 0.0000e+00
    335.000     3.7942     3.7707  32.578831    35.0672    27.8635    -0.1261 0.0000e+00
    336.000     3.7934     3.7699  32.578620    35.0672    27.8636    -0.1160 0.0000e+00
    337.000     3.7923     3.7688  32.578074    35.0672    27.8637    -0.1070 0.0000e+00
    338.000     3.7949     3.7713  32.581530    35.0679    27.8640    -0.0987 0.0000e+00
    339.000     3.8010     3.7772  32.588302    35.0690    27.8643    -0.0985 0.0000e+00
    340.000     3.8036     3.7798  32.591911    35.0699    27.8647    -0.1003 0.0000e+00
    341.000     3.8036     3.7797  32.593041    35.0708    27.8655    -0.0993 0.0000e+00
    342.000     3.8042     3.7802  32.593923    35.0707    27.8653    -0.1029 0.0000e+00
    343.000     3.8041     3.7801  32.594452    35.0708    27.8654    -0.1199 0.0000e+00
    344.000     3.8044     3.7803  32.595048    35.0707    27.8653    -0.0979 0.0000e+00
    345.000     3.8045     3.7803  32.595523    35.0707    27.8653    -0.1188 0.0000e+00
    346.000     3.8019     3.7776  32.593614    35.0706    27.8655    -0.1235 0.0000e+00
    347.000     3.8013     3.7770  32.593652    35.0708    27.8657    -0.1105 0.0000e+00
    348.000     3.7978     3.7734  32.590678    35.0704    27.8658    -0.1067 0.0000e+00
    349.000     3.7970     3.7725  32.590444    35.0705    27.8659    -0.1172 0.0000e+00
    350.000     3.7904     3.7659  32.584680    35.0701    27.8663    -0.1022 0.0000e+00
    351.000     3.7757     3.7512  32.571298    35.0692    27.8671    -0.1193 0.0000e+00
    352.000     3.7461     3.7216  32.543774    35.0676    27.8688    -0.1163 0.0000e+00
    353.000     3.7405     3.7159  32.538518    35.0667    27.8687    -0.1115 0.0000e+00
    354.000     3.7334     3.7088  32.531763    35.0657    27.8686    -0.1253 0.0000e+00
    355.000     3.7242     3.6995  32.523401    35.0650    27.8690    -0.1186 0.0000e+00
    356.000     3.7197     3.6949  32.519129    35.0642    27.8689    -0.1279 0.0000e+00
    357.000     3.7146     3.6898  32.514458    35.0636    27.8689    -0.1094 0.0000e+00
    358.000     3.7099     3.6850  32.510423    35.0632    27.8691    -0.1180 0.0000e+00
    359.000     3.7064     3.6815  32.507734    35.0632    27.8694    -0.1235 0.0000e+00
    360.000     3.7051     3.6801  32.506850    35.0630    27.8694    -0.1197 0.0000e+00
    361.000     3.7039     3.6789  32.506144    35.0629    27.8694    -0.1120 0.0000e+00
