development/example_data/cnv/atwain_cruise/AT288.cnv
* Sea-Bird SBE 9 Data File:
* FileName = C:\ATWAIN_2017\hex\AT288.hex
* Software Version Seasave V 7.21b
* Temperature SN = 2400
* Conductivity SN = 3234
* Number of Bytes Per Scan = 34
* Number of Voltage Words = 4
* Number of Scans Averaged by the Deck Unit = 1
* NMEA baud rate = 4800
** ATWAIN 2017
** R/V Lance
** Sounding depth: 318
** Latitude: 80 01.9103
** Longitude: 10 53.8383
# nquan = 8
# nvalues = 317                         
# units = specified
# name 0 = prDM: Pressure, Digiquartz [db]
# name 1 = t090C: Temperature [ITS-90, deg C]
# name 2 = potemp090C: Potential Temperature [ITS-90, deg C]
# name 3 = c0mS/cm: Conductivity [mS/cm]
# name 4 = sal00: Salinity, Practical [PSU]
# name 5 = sigma-é00: Density [sigma-theta, kg/m^3]
# name 6 = flECO-AFL: Fluorescence, WET Labs ECO-AFL/FL [mg/m^3]
# name 7 = flag: flag
# span 0 =      3.000,    319.000       
# span 1 =     4.6001,     6.4830       
# span 2 =     4.5760,     6.4767       
# span 3 =  33.245411,  34.878375       
# span 4 =    34.5244,    35.0827       
# span 5 =    27.2145,    27.7495       
# span 6 =    -0.1059,     1.1872       
# span 7 = 0.0000e+00, 0.0000e+00       
# interval = decibars: 1                
# start_time = Sep 24 2017 21:03:24 [System UTC, first data scan.]
# bad_flag = -9.990e-29
*END*
[from data line 180]
    183.000     5.2633     5.2486  33.829478    35.0590    27.6927    -0.0726 0.0000e+00
    184.000     5.2629     5.2481  33.831131    35.0608    27.6942    -0.0766 0.0000e+00
    185.000     5.2482     5.2334  33.817851    35.0604    27.6956    -0.0727 0.0000e+00
    186.000     5.2463     5.2313  33.816452    35.0603    27.6958    -0.0730 0.0000e+00
    187.000     5.2386     5.2236  33.810039    35.0605    27.6968    -0.0725 0.0000e+00
    188.000     5.2521     5.2370  33.827991    35.0664    27.6999    -0.0860 0.0000e+00
    189.000     5.2599     5.2447  33.837073    35.0682    27.7004    -0.1059 0.0000e+00
    190.000     5.2602     5.2449  33.838099    35.0685    27.7007    -0.0719 0.0000e+00
    191.000     5.2593     5.2439  33.837709    35.0685    27.7008    -0.0783 0.0000e+00
    192.000     5.2518     5.2364  33.831640    35.0688    27.7019    -0.1011 0.0000e+00
    193.000     5.2548     5.2393  33.836866    35.0712    27.7034    -0.0694 0.0000e+00
    194.000     5.2597     5.2441  33.843704    35.0734    27.7046    -0.0690 0.0000e+00
    195.000     5.2691     5.2534  33.855792    35.0769    27.7063    -0.0676 0.0000e+00
    196.000     5.2755     5.2598  33.864349    35.0795    27.7076    -0.0799 0.0000e+00
    197.000     5.2767     5.2608  33.867095    35.0810    27.7086    -0.0998 0.0000e+00
    198.000     5.2753     5.2593  33.866485    35.0812    27.7090    -0.0842 0.0000e+00
    199.000     5.2688     5.2528  33.861403    35.0816    27.7101    -0.0999 0.0000e+00
    200.000     5.2661     5.2500  33.859806    35.0821    27.7108    -0.0686 0.0000e+00
    201.000     5.2641     5.2480  33.858639    35.0823    27.7112    -0.0956 0.0000e+00
    202.000     5.2642     5.2480  33.859176    35.0823    27.7112    -0.0854 0.0000e+00
    203.000     5.2552     5.2388  33.851747    35.0827    27.7126    -0.1017 0.0000e+00
    204.000     5.2118     5.1954  33.810723    35.0803    27.7160    -0.1003 0.0000e+00
    205.000     5.1666     5.1503  33.766588    35.0763    27.7181    -0.0782 0.0000e+00
    206.000     5.0963     5.0800  33.696643    35.0687    27.7204    -0.1026 0.0000e+00
    207.000     5.0831     5.0667  33.683712    35.0672    27.7208    -0.1005 0.0000e+00
    208.000     5.0800     5.0635  33.680957    35.0667    27.7208    -0.0737 0.0000e+00
    209.000     5.0741     5.0575  33.674945    35.0654    27.7205    -0.0687 0.0000e+00
    210.000     5.0684     5.0518  33.670329    35.0656    27.7212    -0.0880 0.0000e+00
    211.000     5.0830     5.0663  33.686480    35.0683    27.7217    -0.0991 0.0000e+00
    212.000     5.0899     5.0731  33.696029    35.0716    27.7235    -0.0865 0.0000e+00
    213.000     5.0887     5.0718  33.696540    35.0729    27.7247    -0.0734 0.0000e+00
    214.000     5.0955     5.0785  33.704801    35.0748    27.7254    -0.0852 0.0000e+00
    215.000     5.0893     5.0723  33.699185    35.0743    27.7257    -0.0886 0.0000e+00
    216.000     5.0685     5.0514  33.678828    35.0721    27.7265    -0.0979 0.0000e+00
    217.000     5.0581     5.0409  33.668598    35.0706    27.7266    -0.0663 0.0000e+00
    218.000     4.9966     4.9794  33.609448    35.0663    27.7303    -0.0924 0.0000e+00
    219.000     4.9830     4.9658  33.597109    35.0658    27.7315    -0.1032 0.0000e+00
    220.000     4.9712     4.9540  33.586610    35.0655    27.7326    -0.1002 0.0000e+00
    221.000     4.9611     4.9439  33.578676    35.0663    27.7344    -0.1036 0.0000e+00
    222.000     4.9552     4.9378  33.574124    35.0667    27.7355    -0.1043 0.0000e+00
    223.000     4.9539     4.9365  33.573311    35.0666    27.7356    -0.1043 0.0000e+00
    224.000     4.9531     4.9355  33.572927    35.0666    27.7356    -0.1013 0.0000e+00
    225.000     4.9463     4.9287  33.566809    35.0660    27.7360    -0.0911 0.0000e+00
    226.000     4.9456     4.9279  33.566245    35.0656    27.7358    -0.0929 0.0000e+00
    227.000     4.9390     4.9213  33.560360    35.0652    27.7362    -0.0926 0.0000e+00
    228.000     4.9314     4.9136  33.553172    35.0643    27.7364    -0.1031 0.0000e+00
    229.000     4.9274     4.9095  33.549494    35.0637    27.7364    -0.1016 0.0000e+00
    230.000     4.9251     4.9071  33.547320    35.0631    27.7362    -0.1005 0.0000e+00
    231.000     4.9210     4.9030  33.543562    35.0625    27.7362    -0.1015 0.0000e+00
    232.000     4.9119     4.8938  33.534805    35.0613    27.7363    -0.1024 0.0000e+00
    233.000     4.9041     4.8860  33.527547    35.0606    27.7367    -0.0923 0.0000e+00
    234.000     4.8798     4.8616  33.503158    35.0573    27.7369    -0.0743 0.0000e+00
    235.000     4.8447     4.8265  33.468259    35.0532    27.7376    -0.1043 0.0000e+00
    236.000     4.8256     4.8073  33.450045    35.0516    27.7386    -0.1016 0.0000e+00
    237.000     4.8010     4.7827  33.426699    35.0498    27.7399    -0.0835 0.0000e+00
    238.000     4.7410     4.7228  33.366990    35.0430    27.7414    -0.0874 0.0000e+00
    239.000     4.7054     4.6871  33.331122    35.0382    27.7416    -0.1037 0.0000e+00
    240.000     4.6913     4.6730  33.318050    35.0372    27.7424    -0.0830 0.0000e+00
    241.000     4.6916     4.6733  33.318338    35.0367    27.7420    -0.0805 0.0000e+00
    242.000     4.6922     4.6738  33.319047    35.0364    27.7417    -0.0732 0.0000e+00
    243.000     4.6712     4.6527  33.299120    35.0348    27.7428    -0.0796 0.0000e+00
    244.000     4.6494     4.6309  33.278584    35.0332    27.7440    -0.0665 0.0000e+00
    245.000     4.6304     4.6118  33.259928    35.0310    27.7444    -0.0682 0.0000e+00
    246.000     4.6303     4.6117  33.260168    35.0308    27.7442    -0.0702 0.0000e+00
    247.000     4.6289     4.6102  33.259131    35.0306    27.7442    -0.0689 0.0000e+00
    248.000     4.6310     4.6122  33.261699    35.0308    27.7442    -0.0904 0.0000e+00
    249.000     4.6270     4.6081  33.258163    35.0304    27.7443    -0.0877 0.0000e+00
    250.000     4.6229     4.6040  33.254400    35.0297    27.7443    -0.0674 0.0000e+00
    251.000     4.6212     4.6021  33.253019    35.0295    27.7443    -0.0707 0.0000e+00
    252.000     4.6196     4.6005  33.252021    35.0294    27.7444    -0.0902 0.0000e+00
    253.000     4.6200     4.6008  33.252751    35.0293    27.7443    -0.0761 0.0000e+00
    254.000     4.6182     4.5990  33.251554    35.0293    27.7445    -0.1012 0.0000e+00
    255.000     4.6155     4.5962  33.249774    35.0295    27.7450    -0.0700 0.0000e+00
    256.000     4.6159     4.5965  33.250539    35.0295    27.7449    -0.0813 0.0000e+00
    257.000     4.6156     4.5962  33.250823    35.0295    27.7450    -0.0852 0.0000e+00
    258.000     4.6156     4.5961  33.251076    35.0293    27.7448    -0.0877 0.0000e+00
    259.000     4.6153     4.5957  33.251333    35.0294    27.7450    -0.0973 0.0000e+00
    260.000     4.6152     4.5955  33.251763    35.0295    27.7451    -0.0822 0.0000e+00
    261.000     4.6149     4.5951  33.251957    35.0295    27.7451    -0.1056 0.0000e+00
    262.000     4.6151     4.5952  33.252400    35.0293    27.7449    -0.0866 0.0000e+00
    263.000     4.6153     4.5953  33.252949    35.0292    27.7448    -0.0856 0.0000e+00
    264.000     4.6153     4.5953  33.253484    35.0293    27.7449    -0.0781 0.0000e+00
    265.000     4.6141     4.5940  33.253177    35.0297    27.7454    -0.1041 0.0000e+00
    266.000     4.6081     4.5879  33.249320    35.0310    27.7471    -0.0797 0.0000e+00
    267.000     4.6044     4.5841  33.246800    35.0314    27.7478    -0.0665 0.0000e+00
    268.000     4.6021     4.5818  33.245411    35.0317    27.7483    -0.0681 0.0000e+00
    269.000     4.6039     4.5836  33.247129    35.0312    27.7477    -0.0677 0.0000e+00
    270.000     4.6063     4.5858  33.249519    35.0310    27.7473    -0.0819 0.0000e+00
    271.000     4.6076     4.5870  33.250889    35.0307    27.7469    -0.0736 0.0000e+00
    272.000     4.6031     4.5825  33.248051    35.0315    27.7481    -0.0668 0.0000e+00
    273.000     4.6037     4.5830  33.248810    35.0313    27.7479    -0.0770 0.0000e+00
    274.000     4.6029     4.5822  33.248740    35.0315    27.7481    -0.0782 0.0000e+00
    275.000     4.6024     4.5815  33.248716    35.0315    27.7482    -0.0760 0.0000e+00
    276.000     4.6022     4.5813  33.249032    35.0315    27.7482    -0.0766 0.0000e+00
    277.000     4.6028     4.5818  33.249875    35.0314    27.7481    -0.0660 0.0000e+00
    278.000     4.6030     4.5819  33.250576    35.0315    27.7481    -0.0794 0.0000e+00
    279.000     4.6080     4.5869  33.255063    35.0308    27.7470    -0.0986 0.0000e+00
    280.000     4.6081     4.5868  33.255396    35.0306    27.7469    -0.0672 0.0000e+00
    281.000     4.6061     4.5848  33.254408    35.0311    27.7475    -0.0688 0.0000e+00
    282.000     4.6061     4.5847  33.254873    35.0311    27.7475    -0.0859 0.0000e+00
    283.000     4.6061     4.5846  33.255315    35.0311    27.7475    -0.0801 0.0000e+00
    284.000     4.6051     4.5835  33.255045    35.0313    27.7478    -0.0661 0.0000e+00
    285.000     4.6057     4.5841  33.255946    35.0312    27.7476    -0.0831 0.0000e+00
    286.000     4.6063     4.5846  33.257021    35.0312    27.7476    -0.0769 0.0000e+00
    287.000     4.6056     4.5838  33.256733    35.0311    27.7476    -0.0866 0.0000e+00
    288.000     4.6055     4.5836  33.257034    35.0311    27.7476    -0.0681 0.0000e+00
    289.000     4.6044     4.5825  33.256856    35.0314    27.7480    -0.0834 0.0000e+00
    290.000     4.6042     4.5821  33.257173    35.0315    27.7482    -0.1003 0.0000e+00
    291.000     4.6052     4.5832  33.258427    35.0313    27.7479    -0.1020 0.0000e+00
    292.000     4.6046     4.5824  33.258400    35.0315    27.7481    -0.0975 0.0000e+00
    293.000     4.6047     4.5824  33.258900    35.0314    27.7480    -0.0708 0.0000e+00
    294.000     4.6043     4.5820  33.259011    35.0314    27.7481    -0.0815 0.0000e+00
    295.000     4.6041     4.5817  33.259326    35.0315    27.7482    -0.0758 0.0000e+00
    296.000     4.6044     4.5819  33.260036    35.0315    27.7482    -0.0866 0.0000e+00
    297.000     4.6045     4.5819  33.260636    35.0316    27.7482    -0.0896 0.0000e+00
    298.000     4.6053     4.5827  33.261645    35.0313    27.7479    -0.0699 0.0000e+00
    299.000     4.6026     4.5799  33.260099    35.0318    27.7486    -0.0767 0.0000e+00
    300.000     4.6013     4.5785  33.259497    35.0320    27.7490    -0.0759 0.0000e+00
    301.000     4.6001     4.5772  33.259094    35.0322    27.7493    -0.0670 0.0000e+00
    302.000     4.6001     4.5772  33.259503    35.0322    27.7492    -0.0998 0.0000e+00
    303.000     4.6002     4.5772  33.259949    35.0321    27.7492    -0.0663 0.0000e+00
    304.000     4.6006     4.5775  33.260704    35.0320    27.7491    -0.0781 0.0000e+00
    305.000     4.6010     4.5778  33.261497    35.0320    27.7490    -0.0768 0.0000e+00
    306.000     4.6014     4.5781  33.262301    35.0320    27.7490    -0.0865 0.0000e+00
    307.000     4.6008     4.5774  33.262237    35.0321    27.7491    -0.0895 0.0000e+00
    308.000     4.6013     4.5778  33.263074    35.0320    27.7490    -0.0925 0.0000e+00
    309.000     4.6010     4.5775  33.263422    35.0321    27.7491    -0.0804 0.0000e+00
    310.000     4.6016     4.5780  33.264238    35.0319    27.7489    -0.0843 0.0000e+00
    311.000     4.6009     4.5773  33.264242    35.0321    27.7491    -0.0718 0.0000e+00
    312.000     4.6008     4.5770  33.264529    35.0321    27.7492    -0.0860 0.0000e+00
    313.000     4.6009     4.5770  33.264951    35.0320    27.7491    -0.0769 0.0000e+00
    314.000     4.6016     4.5777  33.266072    35.0320    27.7490    -0.0823 0.0000e+00
    315.000     4.6009     4.5769  33.266062    35.0322    27.7492    -0.0749 0.0000e+00
    316.000     4.6008     4.5767  33.266449    35.0322    27.7493    -0.0998 0.0000e+00
    317.000     4.6010     4.5769  33.267193    35.0323    27.7493    -0.0847 0.0000e+00
    318.000     4.6009     4.5767  33.267577    35.0323    27.7493    -0.0787 0.0000e+00
    319.000     4.6003     4.5760  33.267525    35.0324    27.7495    -0.0784 0.0000e+00
