development/example_data/cnv/atwain_cruise/AT280.cnv
* Sea-Bird SBE 9 Data File:
* FileName = C:\ATWAIN_2017\hex\AT280.hex
* Software Version Seasave V 7.21b
* Temperature SN = 2400
* Conductivity SN = 3234
* Number of Bytes Per Scan = 34
* Number of Voltage Words = 4
* Number of Scans Averaged by the Deck Unit = 1
* NMEA baud rate = 4800
** ATWAIN 2017
** R/V Lance
** Sounding depth: 880
** Latitude: 80 26.2610
** Longitude: 008 39.8682
# nquan = 8
# nvalues = 871                         
# units = specified
# name 0 = prDM: Pressure, Digiquartz [db]
# name 1 = t090C: Temperature [ITS-90, deg C]
# name 2 = potemp090C: Potential Temperature [ITS-90, deg C]
# name 3 = c0mS/cm: Conductivity [mS/cm]
# name 4 = sal00: Salinity, Practical [PSU]
# name 5 = sigma-é00: Density [sigma-theta, kg/m^3]
# name 6 = flECO-AFL: Fluorescence, WET Labs ECO-AFL/FL [mg/m^3]
# name 7 = flag: flag
# span 0 =      3.000,    873.000       
# span 1 =    -1.5097,     5.4226       
# span 2 =    -1.5105,     5.4171       
# span 3 =  26.887176,  33.934907       
# span 4 =    32.6950,    35.1122       
# span 5 =    26.1876,    28.0528       
# span 6 =    -0.1387,     1.7980       
# span 7 = 0.0000e+00, 0.0000e+00       
# interval = decibars: 1                
# start_time = Sep 24 2017 11:23:42 [System UTC, first data scan.]
# bad_flag = -9.990e-29
*END*
[from data line 360]
    363.000     3.1532     3.1296  31.996014    35.0398    27.9048    -0.1286 0.0000e+00
    364.000     3.1401     3.1165  31.983675    35.0384    27.9049    -0.1214 0.0000e+00
    365.000     3.1190     3.0953  31.963973    35.0367    27.9056    -0.1246 0.0000e+00
    366.000     3.1135     3.0899  31.959018    35.0360    27.9055    -0.1303 0.0000e+00
    367.000     3.1089     3.0852  31.954859    35.0354    27.9055    -0.1315 0.0000e+00
    368.000     3.1026     3.0788  31.949216    35.0349    27.9056    -0.1265 0.0000e+00
    369.000     3.0924     3.0685  31.939665    35.0337    27.9057    -0.1235 0.0000e+00
    370.000     3.0736     3.0497  31.922319    35.0324    27.9064    -0.1245 0.0000e+00
    371.000     3.0652     3.0413  31.914340    35.0312    27.9062    -0.1121 0.0000e+00
    372.000     3.0154     2.9916  31.867296    35.0273    27.9077    -0.1152 0.0000e+00
    373.000     3.0021     2.9782  31.855166    35.0264    27.9083    -0.1307 0.0000e+00
    374.000     3.0021     2.9782  31.855473    35.0262    27.9081    -0.1173 0.0000e+00
    375.000     3.0010     2.9771  31.854548    35.0257    27.9078    -0.1307 0.0000e+00
    376.000     2.9998     2.9758  31.853572    35.0252    27.9075    -0.1216 0.0000e+00
    377.000     2.9989     2.9748  31.853583    35.0257    27.9080    -0.1144 0.0000e+00
    378.000     2.9984     2.9743  31.853669    35.0258    27.9081    -0.1272 0.0000e+00
    379.000     3.0037     2.9795  31.859052    35.0261    27.9079    -0.1330 0.0000e+00
    380.000     2.9966     2.9724  31.852776    35.0255    27.9081    -0.1341 0.0000e+00
    381.000     3.0016     2.9772  31.858222    35.0262    27.9082    -0.1192 0.0000e+00
    382.000     3.0056     2.9812  31.862438    35.0264    27.9080    -0.1252 0.0000e+00
    383.000     3.0023     2.9778  31.859848    35.0264    27.9083    -0.1230 0.0000e+00
    384.000     2.9299     2.9056  31.790479    35.0196    27.9095    -0.1373 0.0000e+00
    385.000     2.8891     2.8648  31.752844    35.0174    27.9115    -0.1314 0.0000e+00
    386.000     2.8596     2.8354  31.724455    35.0140    27.9115    -0.1254 0.0000e+00
    387.000     2.8538     2.8295  31.719075    35.0132    27.9114    -0.1123 0.0000e+00
    388.000     2.8431     2.8188  31.707978    35.0107    27.9103    -0.1222 0.0000e+00
    389.000     2.8287     2.8044  31.694295    35.0090    27.9102    -0.1300 0.0000e+00
    390.000     2.7288     2.7047  31.595729    34.9961    27.9089    -0.1225 0.0000e+00
    391.000     2.3865     2.3635  31.273687    34.9715    27.9188    -0.1107 0.0000e+00
    392.000     2.3056     2.2827  31.198072    34.9656    27.9210    -0.1229 0.0000e+00
    393.000     2.3007     2.2778  31.191904    34.9627    27.9191    -0.1159 0.0000e+00
    394.000     2.3040     2.2810  31.193315    34.9604    27.9170    -0.1220 0.0000e+00
    395.000     2.2725     2.2496  31.162637    34.9561    27.9161    -0.1058 0.0000e+00
    396.000     2.2495     2.2266  31.140502    34.9532    27.9157    -0.1093 0.0000e+00
    397.000     2.2437     2.2207  31.135151    34.9524    27.9156    -0.1275 0.0000e+00
    398.000     2.2379     2.2149  31.129323    34.9509    27.9148    -0.1069 0.0000e+00
    399.000     2.2238     2.2008  31.115880    34.9491    27.9146    -0.1077 0.0000e+00
    400.000     2.2257     2.2027  31.117707    34.9486    27.9141    -0.1106 0.0000e+00
    401.000     2.2126     2.1895  31.104959    34.9466    27.9135    -0.1052 0.0000e+00
    402.000     2.1746     2.1515  31.069486    34.9435    27.9142    -0.1077 0.0000e+00
    403.000     2.1426     2.1196  31.039155    34.9402    27.9141    -0.1103 0.0000e+00
    404.000     2.0942     2.0713  30.994595    34.9370    27.9155    -0.1082 0.0000e+00
    405.000     2.0914     2.0685  30.991405    34.9356    27.9146    -0.1075 0.0000e+00
    406.000     2.0744     2.0514  30.976435    34.9350    27.9155    -0.1178 0.0000e+00
    407.000     2.0853     2.0622  30.987070    34.9358    27.9153    -0.1170 0.0000e+00
    408.000     2.0914     2.0682  30.992811    34.9357    27.9147    -0.1091 0.0000e+00
    409.000     2.0894     2.0662  30.991486    34.9356    27.9148    -0.1309 0.0000e+00
    410.000     2.0839     2.0607  30.986860    34.9353    27.9150    -0.1339 0.0000e+00
    411.000     2.0738     2.0506  30.978052    34.9348    27.9155    -0.1148 0.0000e+00
    412.000     2.0596     2.0364  30.965334    34.9339    27.9159    -0.1248 0.0000e+00
    413.000     2.0513     2.0280  30.957917    34.9333    27.9160    -0.1101 0.0000e+00
    414.000     2.0449     2.0216  30.952127    34.9325    27.9159    -0.1139 0.0000e+00
    415.000     2.0419     2.0185  30.949583    34.9320    27.9158    -0.1152 0.0000e+00
    416.000     2.0385     2.0151  30.946877    34.9318    27.9158    -0.1086 0.0000e+00
    417.000     2.0245     2.0011  30.934092    34.9306    27.9160    -0.1234 0.0000e+00
    418.000     2.0142     1.9908  30.924934    34.9299    27.9163    -0.1130 0.0000e+00
    419.000     2.0136     1.9901  30.925224    34.9304    27.9167    -0.1170 0.0000e+00
    420.000     2.0176     1.9940  30.929319    34.9306    27.9166    -0.1125 0.0000e+00
    421.000     2.0367     2.0129  30.948486    34.9330    27.9170    -0.1307 0.0000e+00
    422.000     2.0418     2.0180  30.953539    34.9331    27.9167    -0.1153 0.0000e+00
    423.000     2.0299     2.0061  30.942610    34.9320    27.9167    -0.1103 0.0000e+00
    424.000     2.0513     2.0273  30.964112    34.9348    27.9173    -0.1114 0.0000e+00
    425.000     2.0630     2.0390  30.975469    34.9356    27.9170    -0.1089 0.0000e+00
    426.000     2.0607     2.0366  30.973911    34.9356    27.9172    -0.1216 0.0000e+00
    427.000     2.0556     2.0315  30.969425    34.9350    27.9171    -0.1166 0.0000e+00
    428.000     2.0337     2.0096  30.949018    34.9330    27.9173    -0.1097 0.0000e+00
    429.000     2.0181     1.9940  30.936589    34.9340    27.9193    -0.1138 0.0000e+00
    430.000     2.0606     2.0363  30.978738    34.9394    27.9203    -0.1121 0.0000e+00
    431.000     1.9726     1.9485  30.896997    34.9333    27.9224    -0.1081 0.0000e+00
    432.000     1.9617     1.9376  30.885686    34.9305    27.9210    -0.1051 0.0000e+00
    433.000     1.9585     1.9343  30.882844    34.9299    27.9208    -0.1125 0.0000e+00
    434.000     1.9615     1.9373  30.886348    34.9304    27.9210    -0.1043 0.0000e+00
    435.000     1.9483     1.9241  30.873617    34.9284    27.9204    -0.1050 0.0000e+00
    436.000     1.9443     1.9200  30.870289    34.9281    27.9205    -0.1081 0.0000e+00
    437.000     1.9314     1.9071  30.858561    34.9270    27.9206    -0.1062 0.0000e+00
    438.000     1.9135     1.8892  30.841649    34.9249    27.9203    -0.1066 0.0000e+00
    439.000     1.9178     1.8934  30.846247    34.9254    27.9204    -0.1129 0.0000e+00
    440.000     1.9181     1.8937  30.846278    34.9245    27.9197    -0.1014 0.0000e+00
    441.000     1.9028     1.8784  30.832294    34.9232    27.9198    -0.1096 0.0000e+00
    442.000     1.9124     1.8879  30.843689    34.9264    27.9217    -0.1099 0.0000e+00
    443.000     1.9860     1.9612  30.914557    34.9337    27.9217    -0.1106 0.0000e+00
    444.000     1.9800     1.9551  30.909864    34.9339    27.9224    -0.1203 0.0000e+00
    445.000     2.0112     1.9862  30.940677    34.9376    27.9229    -0.1113 0.0000e+00
    446.000     2.0307     2.0055  30.959694    34.9394    27.9227    -0.1109 0.0000e+00
    447.000     2.0503     2.0250  30.981038    34.9441    27.9249    -0.1072 0.0000e+00
    448.000     2.1435     2.1178  31.070701    34.9531    27.9247    -0.1052 0.0000e+00
    449.000     2.1752     2.1493  31.101910    34.9568    27.9250    -0.1124 0.0000e+00
    450.000     2.1726     2.1466  31.100887    34.9578    27.9260    -0.1218 0.0000e+00
    451.000     2.1843     2.1582  31.112993    34.9595    27.9264    -0.1076 0.0000e+00
    452.000     2.1736     2.1476  31.103634    34.9589    27.9269    -0.1074 0.0000e+00
    453.000     2.1726     2.1464  31.103198    34.9590    27.9270    -0.1192 0.0000e+00
    454.000     2.1822     2.1559  31.113385    34.9606    27.9275    -0.1194 0.0000e+00
    455.000     2.2065     2.1801  31.137699    34.9637    27.9280    -0.1079 0.0000e+00
    456.000     2.2126     2.1861  31.143829    34.9641    27.9278    -0.1080 0.0000e+00
    457.000     2.2151     2.1886  31.146959    34.9646    27.9280    -0.1114 0.0000e+00
    458.000     2.2271     2.2004  31.159069    34.9661    27.9282    -0.1079 0.0000e+00
    459.000     2.2457     2.2189  31.178367    34.9691    27.9291    -0.1260 0.0000e+00
    460.000     2.2333     2.2065  31.168203    34.9695    27.9304    -0.1220 0.0000e+00
    461.000     2.2494     2.2225  31.184542    34.9716    27.9308    -0.1065 0.0000e+00
    462.000     2.2454     2.2184  31.181763    34.9719    27.9314    -0.1199 0.0000e+00
    463.000     2.1918     2.1650  31.131758    34.9679    27.9326    -0.1040 0.0000e+00
    464.000     2.1866     2.1598  31.127514    34.9677    27.9329    -0.1194 0.0000e+00
    465.000     2.1884     2.1614  31.129634    34.9679    27.9329    -0.1282 0.0000e+00
    466.000     2.1890     2.1620  31.130926    34.9683    27.9332    -0.1221 0.0000e+00
    467.000     2.1900     2.1629  31.132574    34.9687    27.9334    -0.1076 0.0000e+00
    468.000     2.1978     2.1706  31.140689    34.9697    27.9336    -0.1076 0.0000e+00
    469.000     2.1983     2.1711  31.141815    34.9699    27.9337    -0.1097 0.0000e+00
    470.000     2.2005     2.1732  31.144578    34.9703    27.9339    -0.1315 0.0000e+00
    471.000     2.2005     2.1732  31.144995    34.9703    27.9339    -0.1327 0.0000e+00
    472.000     2.2027     2.1752  31.147599    34.9706    27.9340    -0.1204 0.0000e+00
    473.000     2.2044     2.1769  31.149817    34.9710    27.9341    -0.1095 0.0000e+00
    474.000     2.2062     2.1786  31.152020    34.9711    27.9341    -0.1077 0.0000e+00
    475.000     2.2138     2.1861  31.159852    34.9720    27.9342    -0.1069 0.0000e+00
    476.000     2.2106     2.1828  31.157195    34.9717    27.9342    -0.1078 0.0000e+00
    477.000     2.1941     2.1664  31.142606    34.9710    27.9350    -0.1080 0.0000e+00
    478.000     2.2021     2.1743  31.150660    34.9718    27.9349    -0.1048 0.0000e+00
    479.000     2.2005     2.1726  31.149568    34.9715    27.9349    -0.1316 0.0000e+00
    480.000     2.1990     2.1711  31.148488    34.9713    27.9348    -0.1146 0.0000e+00
    481.000     2.1991     2.1711  31.149293    34.9716    27.9351    -0.1086 0.0000e+00
    482.000     2.1950     2.1670  31.145814    34.9712    27.9351    -0.1110 0.0000e+00
    483.000     2.1693     2.1413  31.120906    34.9678    27.9345    -0.1210 0.0000e+00
    484.000     2.1249     2.0970  31.080144    34.9652    27.9360    -0.1284 0.0000e+00
    485.000     2.1123     2.0844  31.068241    34.9635    27.9357    -0.1103 0.0000e+00
    486.000     2.0175     1.9899  30.977940    34.9542    27.9358    -0.1318 0.0000e+00
    487.000     1.9198     1.8926  30.889290    34.9500    27.9402    -0.1257 0.0000e+00
    488.000     1.8855     1.8584  30.858104    34.9481    27.9413    -0.1100 0.0000e+00
    489.000     1.8497     1.8226  30.823821    34.9439    27.9408    -0.1294 0.0000e+00
    490.000     1.8341     1.8070  30.808928    34.9418    27.9403    -0.1133 0.0000e+00
    491.000     1.8061     1.7791  30.781859    34.9380    27.9395    -0.1064 0.0000e+00
    492.000     1.7212     1.6944  30.703028    34.9318    27.9409    -0.1063 0.0000e+00
    493.000     1.6865     1.6598  30.671177    34.9293    27.9416    -0.1111 0.0000e+00
    494.000     1.6685     1.6419  30.654376    34.9274    27.9414    -0.1096 0.0000e+00
    495.000     1.6592     1.6326  30.645985    34.9265    27.9414    -0.1117 0.0000e+00
    496.000     1.6589     1.6321  30.645057    34.9252    27.9404    -0.1255 0.0000e+00
    497.000     1.6838     1.6569  30.669899    34.9284    27.9411    -0.1064 0.0000e+00
    498.000     1.6794     1.6525  30.665701    34.9274    27.9406    -0.1051 0.0000e+00
    499.000     1.6638     1.6369  30.651752    34.9264    27.9410    -0.1314 0.0000e+00
    500.000     1.6701     1.6431  30.657840    34.9266    27.9407    -0.1203 0.0000e+00
    501.000     1.7047     1.6775  30.691564    34.9304    27.9412    -0.1292 0.0000e+00
    502.000     1.6828     1.6557  30.669972    34.9267    27.9398    -0.1110 0.0000e+00
    503.000     1.6087     1.5818  30.601583    34.9216    27.9413    -0.1073 0.0000e+00
    504.000     1.5529     1.5261  30.548508    34.9156    27.9406    -0.1274 0.0000e+00
    505.000     1.5306     1.5039  30.530006    34.9162    27.9427    -0.1287 0.0000e+00
    506.000     1.5694     1.5424  30.565961    34.9183    27.9416    -0.1079 0.0000e+00
    507.000     1.5793     1.5522  30.575509    34.9189    27.9413    -0.1093 0.0000e+00
    508.000     1.5997     1.5726  30.595014    34.9204    27.9410    -0.1068 0.0000e+00
    509.000     1.6045     1.5773  30.600231    34.9211    27.9412    -0.1060 0.0000e+00
    510.000     1.6067     1.5794  30.602720    34.9213    27.9412    -0.1091 0.0000e+00
    511.000     1.6085     1.5812  30.604956    34.9215    27.9413    -0.1047 0.0000e+00
    512.000     1.6116     1.5842  30.608193    34.9217    27.9411    -0.1090 0.0000e+00
    513.000     1.5456     1.5184  30.547356    34.9171    27.9423    -0.1069 0.0000e+00
    514.000     1.5158     1.4886  30.521397    34.9166    27.9441    -0.1186 0.0000e+00
    515.000     1.5184     1.4912  30.523312    34.9155    27.9431    -0.1111 0.0000e+00
    516.000     1.5350     1.5077  30.539381    34.9170    27.9430    -0.1289 0.0000e+00
    517.000     1.5281     1.5007  30.533474    34.9165    27.9432    -0.1103 0.0000e+00
    518.000     1.5577     1.5301  30.562918    34.9205    27.9443    -0.1070 0.0000e+00
    519.000     1.6321     1.6041  30.634299    34.9281    27.9448    -0.1332 0.0000e+00
    520.000     1.6453     1.6172  30.647662    34.9298    27.9452    -0.1129 0.0000e+00
    521.000     1.6625     1.6343  30.663960    34.9308    27.9447    -0.1295 0.0000e+00
    522.000     1.7659     1.7372  30.766466    34.9454    27.9486    -0.1080 0.0000e+00
    523.000     1.7754     1.7466  30.775571    34.9458    27.9482    -0.1344 0.0000e+00
    524.000     1.7838     1.7549  30.784476    34.9472    27.9487    -0.1309 0.0000e+00
    525.000     1.7850     1.7561  30.786283    34.9476    27.9489    -0.1150 0.0000e+00
    526.000     1.7856     1.7566  30.787876    34.9483    27.9494    -0.1120 0.0000e+00
    527.000     1.7888     1.7597  30.791426    34.9488    27.9496    -0.1319 0.0000e+00
    528.000     1.7895     1.7604  30.792707    34.9490    27.9497    -0.1258 0.0000e+00
    529.000     1.7903     1.7611  30.794284    34.9496    27.9501    -0.1148 0.0000e+00
    530.000     1.8052     1.7759  30.809150    34.9513    27.9503    -0.1083 0.0000e+00
    531.000     1.8079     1.7784  30.812206    34.9517    27.9505    -0.1192 0.0000e+00
    532.000     1.8091     1.7796  30.814044    34.9520    27.9506    -0.1323 0.0000e+00
    533.000     1.8149     1.7853  30.820526    34.9533    27.9512    -0.1225 0.0000e+00
    534.000     1.8169     1.7873  30.823234    34.9539    27.9515    -0.1128 0.0000e+00
    535.000     1.8239     1.7942  30.830846    34.9552    27.9520    -0.1066 0.0000e+00
    536.000     1.8248     1.7950  30.832015    34.9551    27.9519    -0.1071 0.0000e+00
    537.000     1.8158     1.7860  30.824918    34.9554    27.9529    -0.1272 0.0000e+00
    538.000     1.8011     1.7712  30.811255    34.9540    27.9529    -0.1112 0.0000e+00
    539.000     1.7681     1.7383  30.781140    34.9519    27.9537    -0.1230 0.0000e+00
    540.000     1.7312     1.7016  30.746762    34.9487    27.9540    -0.1163 0.0000e+00
    541.000     1.7058     1.6763  30.723192    34.9464    27.9541    -0.1367 0.0000e+00
