development/example_data/cnv/atwain_cruise/AT280.cnv
* Sea-Bird SBE 9 Data File:
* FileName = C:\ATWAIN_2017\hex\AT280.hex
* Software Version Seasave V 7.21b
* Temperature SN = 2400
* Conductivity SN = 3234
* Number of Bytes Per Scan = 34
* Number of Voltage Words = 4
* Number of Scans Averaged by the Deck Unit = 1
* NMEA baud rate = 4800
** ATWAIN 2017
** R/V Lance
** Sounding depth: 880
** Latitude: 80 26.2610
** Longitude: 008 39.8682
# nquan = 8
# nvalues = 871                         
# units = specified
# name 0 = prDM: Pressure, Digiquartz [db]
# name 1 = t090C: Temperature [ITS-90, deg C]
# name 2 = potemp090C: Potential Temperature [ITS-90, deg C]
# name 3 = c0mS/cm: Conductivity [mS/cm]
# name 4 = sal00: Salinity, Practical [PSU]
# name 5 = sigma-é00: Density [sigma-theta, kg/m^3]
# name 6 = flECO-AFL: Fluorescence, WET Labs ECO-AFL/FL [mg/m^3]
# name 7 = flag: flag
# span 0 =      3.000,    873.000       
# span 1 =    -1.5097,     5.4226       
# span 2 =    -1.5105,     5.4171       
# span 3 =  26.887176,  33.934907       
# span 4 =    32.6950,    35.1122       
# span 5 =    26.1876,    28.0528       
# span 6 =    -0.1387,     1.7980       
# span 7 = 0.0000e+00, 0.0000e+00       
# interval = decibars: 1                
# start_time = Sep 24 2017 11:23:42 [System UTC, first data scan.]
# bad_flag = -9.990e-29
*END*
[from data line 720]
    723.000     0.4885     0.4551  29.736773    34.9343    28.0274    -0.1303 0.0000e+00
    724.000     0.4700     0.4366  29.721325    34.9345    28.0287    -0.1114 0.0000e+00
    725.000     0.4686     0.4352  29.720140    34.9339    28.0283    -0.1105 0.0000e+00
    726.000     0.4621     0.4286  29.714666    34.9336    28.0284    -0.1283 0.0000e+00
    727.000     0.4467     0.4133  29.701416    34.9330    28.0289    -0.1356 0.0000e+00
    728.000     0.4185     0.3852  29.677079    34.9325    28.0301    -0.1133 0.0000e+00
    729.000     0.4016     0.3683  29.662435    34.9318    28.0305    -0.1296 0.0000e+00
    730.000     0.3852     0.3520  29.648121    34.9309    28.0308    -0.1133 0.0000e+00
    731.000     0.3457     0.3127  29.614276    34.9307    28.0329    -0.1105 0.0000e+00
    732.000     0.3255     0.2926  29.596909    34.9301    28.0336    -0.1082 0.0000e+00
    733.000     0.3079     0.2750  29.581806    34.9297    28.0342    -0.1298 0.0000e+00
    734.000     0.2802     0.2475  29.557559    34.9285    28.0349    -0.1120 0.0000e+00
    735.000     0.2674     0.2347  29.546650    34.9281    28.0353    -0.1081 0.0000e+00
    736.000     0.2573     0.2246  29.537756    34.9273    28.0352    -0.1093 0.0000e+00
    737.000     0.2347     0.2021  29.518301    34.9267    28.0360    -0.1119 0.0000e+00
    738.000     0.2273     0.1947  29.511994    34.9262    28.0360    -0.1118 0.0000e+00
    739.000     0.2146     0.1819  29.501047    34.9257    28.0363    -0.1102 0.0000e+00
    740.000     0.2057     0.1731  29.493567    34.9253    28.0365    -0.1105 0.0000e+00
    741.000     0.1996     0.1670  29.488442    34.9249    28.0365    -0.1132 0.0000e+00
    742.000     0.1904     0.1578  29.480485    34.9242    28.0365    -0.1115 0.0000e+00
    743.000     0.1751     0.1425  29.467495    34.9239    28.0371    -0.1116 0.0000e+00
    744.000     0.1701     0.1375  29.463200    34.9233    28.0369    -0.1185 0.0000e+00
    745.000     0.1669     0.1343  29.460861    34.9233    28.0370    -0.1118 0.0000e+00
    746.000     0.1483     0.1158  29.444553    34.9222    28.0372    -0.1325 0.0000e+00
    747.000     0.1332     0.1007  29.431876    34.9221    28.0380    -0.1133 0.0000e+00
    748.000     0.1139     0.0815  29.414985    34.9211    28.0382    -0.1086 0.0000e+00
    749.000     0.1046     0.0722  29.406929    34.9204    28.0382    -0.1079 0.0000e+00
    750.000     0.0958     0.0633  29.399610    34.9202    28.0385    -0.1105 0.0000e+00
    751.000     0.1022     0.0696  29.406057    34.9209    28.0387    -0.1081 0.0000e+00
    752.000     0.1121     0.0795  29.415912    34.9220    28.0390    -0.1231 0.0000e+00
    753.000     0.1041     0.0715  29.409218    34.9217    28.0392    -0.1056 0.0000e+00
    754.000     0.0879     0.0553  29.395545    34.9214    28.0399    -0.1129 0.0000e+00
    755.000     0.0836     0.0510  29.392208    34.9213    28.0400    -0.1072 0.0000e+00
    756.000     0.0829     0.0502  29.391728    34.9209    28.0398    -0.1085 0.0000e+00
    757.000     0.0784     0.0458  29.388166    34.9207    28.0398    -0.1091 0.0000e+00
    758.000     0.0736     0.0410  29.384272    34.9204    28.0399    -0.1092 0.0000e+00
    759.000     0.0689     0.0362  29.380487    34.9202    28.0399    -0.1125 0.0000e+00
    760.000     0.0691     0.0363  29.381599    34.9209    28.0405    -0.1077 0.0000e+00
    761.000     0.0616     0.0289  29.375757    34.9210    28.0410    -0.1087 0.0000e+00
    762.000     0.0520     0.0192  29.368139    34.9213    28.0418    -0.1060 0.0000e+00
    763.000     0.0500     0.0172  29.366833    34.9212    28.0418    -0.1240 0.0000e+00
    764.000     0.0453     0.0125  29.363135    34.9211    28.0419    -0.1167 0.0000e+00
    765.000     0.0390     0.0062  29.357941    34.9208    28.0420    -0.1039 0.0000e+00
    766.000     0.0294    -0.0034  29.349993    34.9206    28.0424    -0.1245 0.0000e+00
    767.000     0.0262    -0.0067  29.347625    34.9206    28.0426    -0.1074 0.0000e+00
    768.000     0.0126    -0.0202  29.335775    34.9197    28.0426    -0.1068 0.0000e+00
    769.000    -0.0000    -0.0328  29.325323    34.9197    28.0432    -0.1149 0.0000e+00
    770.000    -0.0037    -0.0365  29.322517    34.9196    28.0433    -0.1214 0.0000e+00
    771.000    -0.0058    -0.0386  29.321060    34.9194    28.0433    -0.1095 0.0000e+00
    772.000    -0.0151    -0.0480  29.313098    34.9189    28.0434    -0.1239 0.0000e+00
    773.000    -0.0269    -0.0597  29.302991    34.9183    28.0436    -0.1123 0.0000e+00
    774.000    -0.0361    -0.0689  29.295052    34.9177    28.0436    -0.1118 0.0000e+00
    775.000    -0.0437    -0.0765  29.288601    34.9172    28.0435    -0.1371 0.0000e+00
    776.000    -0.0561    -0.0889  29.278029    34.9167    28.0438    -0.1199 0.0000e+00
    777.000    -0.0597    -0.0925  29.275604    34.9170    28.0442    -0.1099 0.0000e+00
    778.000    -0.0587    -0.0915  29.276449    34.9163    28.0436    -0.1166 0.0000e+00
    779.000    -0.0678    -0.1007  29.268736    34.9160    28.0438    -0.1099 0.0000e+00
    780.000    -0.0774    -0.1102  29.260842    34.9158    28.0442    -0.1122 0.0000e+00
    781.000    -0.0836    -0.1164  29.255773    34.9155    28.0442    -0.1091 0.0000e+00
    782.000    -0.0913    -0.1241  29.249485    34.9153    28.0445    -0.1121 0.0000e+00
    783.000    -0.0941    -0.1269  29.247402    34.9151    28.0445    -0.1161 0.0000e+00
    784.000    -0.0965    -0.1294  29.245523    34.9148    28.0444    -0.1338 0.0000e+00
    785.000    -0.0995    -0.1324  29.243376    34.9148    28.0446    -0.1210 0.0000e+00
    786.000    -0.1054    -0.1383  29.238937    34.9150    28.0450    -0.1158 0.0000e+00
    787.000    -0.1085    -0.1415  29.236679    34.9150    28.0452    -0.1231 0.0000e+00
    788.000    -0.1090    -0.1420  29.236628    34.9149    28.0451    -0.1148 0.0000e+00
    789.000    -0.1089    -0.1419  29.237172    34.9149    28.0451    -0.1302 0.0000e+00
    790.000    -0.1096    -0.1427  29.236982    34.9149    28.0451    -0.1119 0.0000e+00
    791.000    -0.1124    -0.1455  29.234974    34.9148    28.0452    -0.1081 0.0000e+00
    792.000    -0.1176    -0.1507  29.231036    34.9149    28.0456    -0.1141 0.0000e+00
    793.000    -0.1188    -0.1519  29.230353    34.9148    28.0455    -0.1069 0.0000e+00
    794.000    -0.1183    -0.1516  29.231164    34.9148    28.0455    -0.1196 0.0000e+00
    795.000    -0.1195    -0.1528  29.230512    34.9147    28.0455    -0.1144 0.0000e+00
    796.000    -0.1289    -0.1621  29.222693    34.9144    28.0457    -0.1122 0.0000e+00
    797.000    -0.1325    -0.1658  29.220128    34.9145    28.0460    -0.1095 0.0000e+00
    798.000    -0.1364    -0.1697  29.217227    34.9145    28.0462    -0.1103 0.0000e+00
    799.000    -0.1407    -0.1741  29.214187    34.9148    28.0467    -0.1058 0.0000e+00
    800.000    -0.1375    -0.1709  29.217208    34.9145    28.0463    -0.1115 0.0000e+00
    801.000    -0.1379    -0.1713  29.216969    34.9141    28.0459    -0.1136 0.0000e+00
    802.000    -0.1491    -0.1825  29.208203    34.9146    28.0470    -0.1217 0.0000e+00
    803.000    -0.1535    -0.1870  29.205046    34.9149    28.0474    -0.1312 0.0000e+00
    804.000    -0.1553    -0.1887  29.203934    34.9148    28.0474    -0.1242 0.0000e+00
    805.000    -0.1559    -0.1894  29.203796    34.9147    28.0474    -0.1136 0.0000e+00
    806.000    -0.1552    -0.1888  29.204682    34.9145    28.0472    -0.1129 0.0000e+00
    807.000    -0.1579    -0.1915  29.202817    34.9145    28.0473    -0.1075 0.0000e+00
    808.000    -0.1635    -0.1971  29.198481    34.9146    28.0477    -0.1051 0.0000e+00
    809.000    -0.1657    -0.1994  29.197133    34.9147    28.0479    -0.1050 0.0000e+00
    810.000    -0.1690    -0.2027  29.194684    34.9146    28.0480    -0.1104 0.0000e+00
    811.000    -0.1723    -0.2060  29.192178    34.9144    28.0480    -0.1067 0.0000e+00
    812.000    -0.1722    -0.2060  29.193152    34.9151    28.0485    -0.1238 0.0000e+00
    813.000    -0.1648    -0.1986  29.200267    34.9155    28.0485    -0.1115 0.0000e+00
    814.000    -0.1572    -0.1911  29.207541    34.9159    28.0484    -0.1068 0.0000e+00
    815.000    -0.1584    -0.1924  29.207203    34.9162    28.0488    -0.1019 0.0000e+00
    816.000    -0.1593    -0.1933  29.206890    34.9162    28.0489    -0.1082 0.0000e+00
    817.000    -0.1613    -0.1954  29.205626    34.9163    28.0490    -0.1192 0.0000e+00
    818.000    -0.1620    -0.1961  29.205472    34.9163    28.0490    -0.1279 0.0000e+00
    819.000    -0.1663    -0.2005  29.201968    34.9160    28.0490    -0.1284 0.0000e+00
    820.000    -0.1679    -0.2021  29.201127    34.9160    28.0491    -0.1114 0.0000e+00
    821.000    -0.1716    -0.2058  29.198293    34.9159    28.0492    -0.1098 0.0000e+00
    822.000    -0.1740    -0.2082  29.196805    34.9160    28.0494    -0.1194 0.0000e+00
    823.000    -0.1827    -0.2170  29.189594    34.9159    28.0497    -0.1131 0.0000e+00
    824.000    -0.1898    -0.2240  29.184018    34.9159    28.0501    -0.1089 0.0000e+00
    825.000    -0.1934    -0.2277  29.181055    34.9155    28.0500    -0.1069 0.0000e+00
    826.000    -0.1998    -0.2341  29.175901    34.9153    28.0502    -0.1249 0.0000e+00
    827.000    -0.2025    -0.2368  29.173684    34.9149    28.0500    -0.1110 0.0000e+00
    828.000    -0.2157    -0.2500  29.162723    34.9148    28.0505    -0.1098 0.0000e+00
    829.000    -0.2179    -0.2522  29.161389    34.9149    28.0507    -0.1090 0.0000e+00
    830.000    -0.2236    -0.2579  29.156796    34.9147    28.0509    -0.1068 0.0000e+00
    831.000    -0.2232    -0.2576  29.157511    34.9146    28.0508    -0.1045 0.0000e+00
    832.000    -0.2226    -0.2570  29.158464    34.9146    28.0507    -0.1118 0.0000e+00
    833.000    -0.2253    -0.2598  29.156398    34.9144    28.0507    -0.1205 0.0000e+00
    834.000    -0.2277    -0.2622  29.154790    34.9143    28.0508    -0.1101 0.0000e+00
    835.000    -0.2329    -0.2674  29.150758    34.9143    28.0510    -0.1145 0.0000e+00
    836.000    -0.2430    -0.2774  29.142705    34.9145    28.0516    -0.1114 0.0000e+00
    837.000    -0.2496    -0.2840  29.137496    34.9145    28.0520    -0.1273 0.0000e+00
    838.000    -0.2598    -0.2942  29.129201    34.9145    28.0525    -0.1104 0.0000e+00
    839.000    -0.2634    -0.2978  29.126659    34.9146    28.0528    -0.1228 0.0000e+00
    840.000    -0.2624    -0.2969  29.127691    34.9142    28.0524    -0.1065 0.0000e+00
    841.000    -0.2653    -0.2998  29.125653    34.9143    28.0526    -0.1134 0.0000e+00
    842.000    -0.2656    -0.3002  29.125853    34.9143    28.0526    -0.1103 0.0000e+00
    843.000    -0.2651    -0.2997  29.126588    34.9141    28.0525    -0.1314 0.0000e+00
    844.000    -0.2658    -0.3005  29.126415    34.9142    28.0526    -0.1177 0.0000e+00
    845.000    -0.2665    -0.3012  29.126284    34.9142    28.0526    -0.1162 0.0000e+00
    846.000    -0.2676    -0.3024  29.125667    34.9141    28.0526    -0.1239 0.0000e+00
    847.000    -0.2695    -0.3043  29.124564    34.9141    28.0527    -0.1087 0.0000e+00
    848.000    -0.2696    -0.3044  29.125015    34.9142    28.0528    -0.1060 0.0000e+00
    849.000    -0.2697    -0.3046  29.125237    34.9141    28.0527    -0.1103 0.0000e+00
    850.000    -0.2695    -0.3045  29.125746    34.9140    28.0526    -0.1078 0.0000e+00
    851.000    -0.2693    -0.3043  29.126335    34.9139    28.0525    -0.1095 0.0000e+00
    852.000    -0.2688    -0.3039  29.127200    34.9139    28.0525    -0.1076 0.0000e+00
    853.000    -0.2674    -0.3025  29.128924    34.9140    28.0525    -0.1109 0.0000e+00
    854.000    -0.2667    -0.3018  29.129885    34.9138    28.0524    -0.1103 0.0000e+00
    855.000    -0.2668    -0.3020  29.130273    34.9140    28.0525    -0.1098 0.0000e+00
    856.000    -0.2676    -0.3028  29.130019    34.9139    28.0525    -0.1104 0.0000e+00
    857.000    -0.2676    -0.3029  29.130324    34.9137    28.0524    -0.1122 0.0000e+00
    858.000    -0.2693    -0.3046  29.129433    34.9139    28.0526    -0.1080 0.0000e+00
    859.000    -0.2693    -0.3046  29.129958    34.9140    28.0526    -0.1076 0.0000e+00
    860.000    -0.2701    -0.3055  29.129647    34.9139    28.0526    -0.1099 0.0000e+00
    861.000    -0.2704    -0.3059  29.129867    34.9140    28.0527    -0.1105 0.0000e+00
    862.000    -0.2703    -0.3058  29.130317    34.9139    28.0526    -0.1083 0.0000e+00
    863.000    -0.2695    -0.3050  29.131419    34.9138    28.0525    -0.1083 0.0000e+00
    864.000    -0.2698    -0.3054  29.131608    34.9139    28.0526    -0.1084 0.0000e+00
    865.000    -0.2704    -0.3061  29.131604    34.9140    28.0527    -0.1284 0.0000e+00
    866.000    -0.2706    -0.3063  29.131851    34.9139    28.0527    -0.1147 0.0000e+00
    867.000    -0.2711    -0.3069  29.131765    34.9138    28.0526    -0.1078 0.0000e+00
    868.000    -0.2706    -0.3064  29.132673    34.9139    28.0526    -0.1092 0.0000e+00
    869.000    -0.2706    -0.3064  29.133085    34.9138    28.0525    -0.1228 0.0000e+00
    870.000    -0.2705    -0.3064  29.133579    34.9137    28.0525    -0.1231 0.0000e+00
    871.000    -0.2701    -0.3061  29.134399    34.9138    28.0526    -0.1117 0.0000e+00
    872.000    -0.2701    -0.3061  29.134843    34.9139    28.0526    -0.1144 0.0000e+00
    873.000    -0.2699    -0.3060  29.135456    34.9138    28.0526    -0.1109 0.0000e+00
