development/example_data/cnv/atwain_cruise/AT280.cnv
* Sea-Bird SBE 9 Data File:
* FileName = C:\ATWAIN_2017\hex\AT280.hex
* Software Version Seasave V 7.21b
* Temperature SN = 2400
* Conductivity SN = 3234
* Number of Bytes Per Scan = 34
* Number of Voltage Words = 4
* Number of Scans Averaged by the Deck Unit = 1
* NMEA baud rate = 4800
** ATWAIN 2017
** R/V Lance
** Sounding depth: 880
** Latitude: 80 26.2610
** Longitude: 008 39.8682
# nquan = 8
# nvalues = 871                         
# units = specified
# name 0 = prDM: Pressure, Digiquartz [db]
# name 1 = t090C: Temperature [ITS-90, deg C]
# name 2 = potemp090C: Potential Temperature [ITS-90, deg C]
# name 3 = c0mS/cm: Conductivity [mS/cm]
# name 4 = sal00: Salinity, Practical [PSU]
# name 5 = sigma-é00: Density [sigma-theta, kg/m^3]
# name 6 = flECO-AFL: Fluorescence, WET Labs ECO-AFL/FL [mg/m^3]
# name 7 = flag: flag
# span 0 =      3.000,    873.000       
# span 1 =    -1.5097,     5.4226       
# span 2 =    -1.5105,     5.4171       
# span 3 =  26.887176,  33.934907       
# span 4 =    32.6950,    35.1122       
# span 5 =    26.1876,    28.0528       
# span 6 =    -0.1387,     1.7980       
# span 7 = 0.0000e+00, 0.0000e+00       
# interval = decibars: 1                
# start_time = Sep 24 2017 11:23:42 [System UTC, first data scan.]
# bad_flag = -9.990e-29
*END*
[from data line 540]
    543.000     1.6155     1.5863  30.640127    34.9401    27.9558    -0.1163 0.0000e+00
    544.000     1.6109     1.5816  30.633573    34.9364    27.9531    -0.1223 0.0000e+00
    545.000     1.5753     1.5460  30.601287    34.9344    27.9542    -0.1305 0.0000e+00
    546.000     1.5385     1.5095  30.567515    34.9316    27.9547    -0.1105 0.0000e+00
    547.000     1.5172     1.4882  30.547874    34.9298    27.9548    -0.1081 0.0000e+00
    548.000     1.4895     1.4605  30.522611    34.9279    27.9553    -0.1229 0.0000e+00
    549.000     1.4776     1.4486  30.510938    34.9256    27.9543    -0.1341 0.0000e+00
    550.000     1.4673     1.4383  30.501554    34.9245    27.9542    -0.1319 0.0000e+00
    551.000     1.4643     1.4352  30.499005    34.9241    27.9541    -0.1290 0.0000e+00
    552.000     1.4451     1.4161  30.481101    34.9221    27.9538    -0.1280 0.0000e+00
    553.000     1.4270     1.3980  30.464969    34.9210    27.9543    -0.1092 0.0000e+00
    554.000     1.4321     1.4031  30.470005    34.9212    27.9541    -0.1069 0.0000e+00
    555.000     1.4256     1.3965  30.464193    34.9205    27.9540    -0.1080 0.0000e+00
    556.000     1.4026     1.3736  30.443452    34.9190    27.9545    -0.1104 0.0000e+00
    557.000     1.3874     1.3584  30.430364    34.9187    27.9553    -0.1065 0.0000e+00
    558.000     1.3820     1.3529  30.425654    34.9181    27.9552    -0.1065 0.0000e+00
    559.000     1.3775     1.3484  30.422053    34.9179    27.9554    -0.1262 0.0000e+00
    560.000     1.3667     1.3376  30.412380    34.9170    27.9554    -0.1079 0.0000e+00
    561.000     1.3654     1.3363  30.411929    34.9173    27.9557    -0.1140 0.0000e+00
    562.000     1.3658     1.3366  30.412843    34.9175    27.9559    -0.1258 0.0000e+00
    563.000     1.3661     1.3368  30.414539    34.9188    27.9569    -0.1216 0.0000e+00
    564.000     1.3634     1.3341  30.412896    34.9190    27.9573    -0.1125 0.0000e+00
    565.000     1.3613     1.3320  30.411666    34.9192    27.9576    -0.1167 0.0000e+00
    566.000     1.3602     1.3308  30.411324    34.9195    27.9579    -0.1057 0.0000e+00
    567.000     1.3621     1.3326  30.413749    34.9198    27.9581    -0.1238 0.0000e+00
    568.000     1.3657     1.3361  30.417688    34.9203    27.9582    -0.1269 0.0000e+00
    569.000     1.3702     1.3405  30.422542    34.9210    27.9584    -0.1119 0.0000e+00
    570.000     1.3770     1.3473  30.429689    34.9219    27.9587    -0.1239 0.0000e+00
    571.000     1.4146     1.3847  30.467427    34.9276    27.9606    -0.1247 0.0000e+00
    572.000     1.4143     1.3843  30.467625    34.9277    27.9606    -0.1124 0.0000e+00
    573.000     1.4188     1.3887  30.472877    34.9288    27.9612    -0.1069 0.0000e+00
    574.000     1.4386     1.4083  30.492584    34.9313    27.9618    -0.1305 0.0000e+00
    575.000     1.4708     1.4403  30.524523    34.9357    27.9630    -0.1297 0.0000e+00
    576.000     1.5213     1.4905  30.574915    34.9431    27.9652    -0.1190 0.0000e+00
    577.000     1.5587     1.5277  30.610755    34.9465    27.9653    -0.1126 0.0000e+00
    578.000     1.5505     1.5195  30.605297    34.9481    27.9672    -0.1063 0.0000e+00
    579.000     1.5488     1.5177  30.605403    34.9496    27.9685    -0.1095 0.0000e+00
    580.000     1.5469     1.5158  30.604692    34.9502    27.9691    -0.1072 0.0000e+00
    581.000     1.5456     1.5144  30.604158    34.9504    27.9694    -0.1122 0.0000e+00
    582.000     1.5426     1.5113  30.602045    34.9505    27.9697    -0.1281 0.0000e+00
    583.000     1.5372     1.5060  30.597655    34.9503    27.9699    -0.1291 0.0000e+00
    584.000     1.5311     1.4998  30.592635    34.9501    27.9702    -0.1307 0.0000e+00
    585.000     1.5303     1.4989  30.592336    34.9501    27.9703    -0.1387 0.0000e+00
    586.000     1.5284     1.4969  30.590946    34.9499    27.9703    -0.1339 0.0000e+00
    587.000     1.5205     1.4891  30.584400    34.9497    27.9707    -0.1272 0.0000e+00
    588.000     1.5221     1.4906  30.586400    34.9499    27.9707    -0.1168 0.0000e+00
    589.000     1.5034     1.4720  30.569721    34.9488    27.9713    -0.1218 0.0000e+00
    590.000     1.5012     1.4697  30.568182    34.9489    27.9714    -0.1112 0.0000e+00
    591.000     1.5022     1.4707  30.569826    34.9492    27.9717    -0.1127 0.0000e+00
    592.000     1.5354     1.5036  30.603756    34.9549    27.9738    -0.1200 0.0000e+00
    593.000     1.5524     1.5205  30.620671    34.9569    27.9742    -0.1317 0.0000e+00
    594.000     1.5557     1.5237  30.625483    34.9588    27.9754    -0.1120 0.0000e+00
    595.000     1.5431     1.5110  30.615151    34.9592    27.9767    -0.1104 0.0000e+00
    596.000     1.5429     1.5108  30.615725    34.9595    27.9770    -0.1090 0.0000e+00
    597.000     1.5413     1.5092  30.614791    34.9596    27.9771    -0.1232 0.0000e+00
    598.000     1.5363     1.5042  30.611055    34.9598    27.9777    -0.1181 0.0000e+00
    599.000     1.5316     1.4994  30.607296    34.9596    27.9779    -0.1311 0.0000e+00
    600.000     1.5302     1.4980  30.606448    34.9595    27.9779    -0.1121 0.0000e+00
    601.000     1.5067     1.4745  30.586368    34.9595    27.9797    -0.1310 0.0000e+00
    602.000     1.4976     1.4654  30.578928    34.9596    27.9804    -0.1318 0.0000e+00
    603.000     1.4960     1.4638  30.577749    34.9593    27.9803    -0.1306 0.0000e+00
    604.000     1.4938     1.4615  30.576104    34.9591    27.9803    -0.1244 0.0000e+00
    605.000     1.4927     1.4603  30.575688    34.9593    27.9805    -0.1060 0.0000e+00
    606.000     1.4892     1.4567  30.572930    34.9591    27.9806    -0.1116 0.0000e+00
    607.000     1.4862     1.4537  30.570937    34.9593    27.9811    -0.1294 0.0000e+00
    608.000     1.4782     1.4458  30.564507    34.9594    27.9817    -0.1257 0.0000e+00
    609.000     1.4744     1.4419  30.561710    34.9595    27.9820    -0.1317 0.0000e+00
    610.000     1.4691     1.4366  30.557655    34.9597    27.9825    -0.1181 0.0000e+00
    611.000     1.4568     1.4242  30.547587    34.9600    27.9838    -0.1053 0.0000e+00
    612.000     1.4516     1.4190  30.543656    34.9602    27.9843    -0.1290 0.0000e+00
    613.000     1.4501     1.4175  30.542973    34.9604    27.9845    -0.1342 0.0000e+00
    614.000     1.4519     1.4192  30.545224    34.9607    27.9846    -0.1269 0.0000e+00
    615.000     1.4586     1.4258  30.551946    34.9613    27.9846    -0.1125 0.0000e+00
    616.000     1.4472     1.4145  30.541912    34.9605    27.9849    -0.1333 0.0000e+00
    617.000     1.4168     1.3842  30.514690    34.9591    27.9859    -0.1110 0.0000e+00
    618.000     1.4077     1.3751  30.506512    34.9582    27.9858    -0.1333 0.0000e+00
    619.000     1.4061     1.3734  30.505498    34.9581    27.9859    -0.1326 0.0000e+00
    620.000     1.4035     1.3707  30.503454    34.9579    27.9859    -0.1277 0.0000e+00
    621.000     1.3988     1.3660  30.499463    34.9574    27.9859    -0.1108 0.0000e+00
    622.000     1.3917     1.3588  30.493235    34.9569    27.9860    -0.1113 0.0000e+00
    623.000     1.3829     1.3501  30.485708    34.9564    27.9862    -0.1115 0.0000e+00
    624.000     1.3669     1.3341  30.471733    34.9559    27.9869    -0.1310 0.0000e+00
    625.000     1.3590     1.3261  30.465172    34.9558    27.9874    -0.1174 0.0000e+00
    626.000     1.3529     1.3200  30.460085    34.9555    27.9876    -0.1106 0.0000e+00
    627.000     1.3505     1.3176  30.458235    34.9552    27.9875    -0.1238 0.0000e+00
    628.000     1.3474     1.3145  30.455783    34.9549    27.9876    -0.1092 0.0000e+00
    629.000     1.3406     1.3076  30.450242    34.9549    27.9880    -0.1176 0.0000e+00
    630.000     1.3370     1.3040  30.448903    34.9566    27.9896    -0.1347 0.0000e+00
    631.000     1.3340     1.3009  30.446992    34.9570    27.9901    -0.1139 0.0000e+00
    632.000     1.3311     1.2980  30.445348    34.9575    27.9908    -0.1207 0.0000e+00
    633.000     1.3446     1.3113  30.458822    34.9591    27.9912    -0.1211 0.0000e+00
    634.000     1.3546     1.3212  30.469156    34.9606    27.9916    -0.1065 0.0000e+00
    635.000     1.3597     1.3263  30.474977    34.9618    27.9922    -0.1111 0.0000e+00
    636.000     1.3576     1.3241  30.474601    34.9631    27.9934    -0.1249 0.0000e+00
    637.000     1.3552     1.3216  30.473233    34.9634    27.9939    -0.1237 0.0000e+00
    638.000     1.3531     1.3195  30.472105    34.9638    27.9943    -0.1343 0.0000e+00
    639.000     1.3481     1.3144  30.468477    34.9641    27.9950    -0.1185 0.0000e+00
    640.000     1.3372     1.3036  30.459595    34.9643    27.9959    -0.1226 0.0000e+00
    641.000     1.3346     1.3009  30.457786    34.9644    27.9961    -0.1270 0.0000e+00
    642.000     1.3332     1.2995  30.456938    34.9642    27.9961    -0.1146 0.0000e+00
    643.000     1.3281     1.2943  30.452818    34.9641    27.9964    -0.1329 0.0000e+00
    644.000     1.3254     1.2916  30.450765    34.9640    27.9964    -0.1201 0.0000e+00
    645.000     1.3209     1.2870  30.447217    34.9639    27.9967    -0.1121 0.0000e+00
    646.000     1.3085     1.2746  30.436591    34.9635    27.9973    -0.1301 0.0000e+00
    647.000     1.2940     1.2602  30.424274    34.9633    27.9981    -0.1105 0.0000e+00
    648.000     1.2795     1.2457  30.411504    34.9626    27.9986    -0.1300 0.0000e+00
    649.000     1.2543     1.2206  30.389514    34.9620    27.9999    -0.1161 0.0000e+00
    650.000     1.2345     1.2008  30.372069    34.9612    28.0006    -0.1283 0.0000e+00
    651.000     1.2236     1.1899  30.362488    34.9605    28.0008    -0.1114 0.0000e+00
    652.000     1.2186     1.1849  30.358365    34.9602    28.0010    -0.1317 0.0000e+00
    653.000     1.2151     1.1814  30.355650    34.9600    28.0010    -0.1129 0.0000e+00
    654.000     1.2116     1.1778  30.352867    34.9599    28.0011    -0.1129 0.0000e+00
    655.000     1.2009     1.1672  30.343611    34.9593    28.0014    -0.1313 0.0000e+00
    656.000     1.1864     1.1527  30.331235    34.9591    28.0023    -0.1114 0.0000e+00
    657.000     1.1777     1.1439  30.323841    34.9588    28.0026    -0.1105 0.0000e+00
    658.000     1.1619     1.1282  30.310154    34.9583    28.0033    -0.1172 0.0000e+00
    659.000     1.1386     1.1050  30.289997    34.9578    28.0045    -0.1279 0.0000e+00
    660.000     1.1353     1.1016  30.287171    34.9573    28.0044    -0.1102 0.0000e+00
    661.000     1.1328     1.0991  30.285288    34.9571    28.0044    -0.1251 0.0000e+00
    662.000     1.1292     1.0954  30.282394    34.9569    28.0044    -0.1096 0.0000e+00
    663.000     1.1267     1.0929  30.280443    34.9566    28.0044    -0.1116 0.0000e+00
    664.000     1.1191     1.0853  30.274054    34.9563    28.0046    -0.1314 0.0000e+00
    665.000     1.1124     1.0786  30.268682    34.9563    28.0051    -0.1349 0.0000e+00
    666.000     1.1135     1.0796  30.269831    34.9560    28.0048    -0.1209 0.0000e+00
    667.000     1.1026     1.0687  30.260363    34.9555    28.0051    -0.1054 0.0000e+00
    668.000     1.0940     1.0601  30.253196    34.9552    28.0055    -0.1065 0.0000e+00
    669.000     1.0847     1.0508  30.245137    34.9548    28.0058    -0.1122 0.0000e+00
    670.000     1.0708     1.0369  30.233320    34.9545    28.0065    -0.1319 0.0000e+00
    671.000     1.0637     1.0298  30.227403    34.9542    28.0067    -0.1145 0.0000e+00
    672.000     1.0500     1.0161  30.215617    34.9538    28.0073    -0.1075 0.0000e+00
    673.000     1.0460     1.0121  30.211928    34.9530    28.0070    -0.1147 0.0000e+00
    674.000     1.0343     1.0004  30.201930    34.9527    28.0075    -0.1246 0.0000e+00
    675.000     1.0147     0.9808  30.184747    34.9519    28.0082    -0.1243 0.0000e+00
    676.000     1.0012     0.9673  30.173429    34.9519    28.0091    -0.1091 0.0000e+00
    677.000     0.9801     0.9463  30.154928    34.9510    28.0098    -0.1070 0.0000e+00
    678.000     0.9728     0.9390  30.148980    34.9510    28.0102    -0.1322 0.0000e+00
    679.000     0.9690     0.9352  30.145773    34.9505    28.0101    -0.1159 0.0000e+00
    680.000     0.9744     0.9405  30.150055    34.9494    28.0089    -0.1264 0.0000e+00
    681.000     0.9517     0.9179  30.130967    34.9496    28.0106    -0.1124 0.0000e+00
    682.000     0.9516     0.9177  30.131204    34.9495    28.0104    -0.1041 0.0000e+00
    683.000     0.9499     0.9160  30.130168    34.9495    28.0105    -0.1190 0.0000e+00
    684.000     0.9474     0.9134  30.128334    34.9493    28.0106    -0.1281 0.0000e+00
    685.000     0.9425     0.9085  30.124462    34.9493    28.0109    -0.1105 0.0000e+00
    686.000     0.9367     0.9026  30.119602    34.9489    28.0110    -0.1256 0.0000e+00
    687.000     0.9331     0.8991  30.116747    34.9486    28.0110    -0.1200 0.0000e+00
    688.000     0.9321     0.8980  30.116246    34.9486    28.0110    -0.1096 0.0000e+00
    689.000     0.9257     0.8915  30.110915    34.9483    28.0113    -0.1124 0.0000e+00
    690.000     0.9184     0.8843  30.105008    34.9483    28.0117    -0.1298 0.0000e+00
    691.000     0.9151     0.8809  30.102468    34.9481    28.0118    -0.1274 0.0000e+00
    692.000     0.9110     0.8768  30.099180    34.9479    28.0119    -0.1147 0.0000e+00
    693.000     0.9080     0.8737  30.096928    34.9478    28.0120    -0.1113 0.0000e+00
    694.000     0.8964     0.8622  30.086806    34.9471    28.0122    -0.1126 0.0000e+00
    695.000     0.8765     0.8423  30.069941    34.9471    28.0134    -0.1192 0.0000e+00
    696.000     0.8677     0.8335  30.062242    34.9464    28.0135    -0.1138 0.0000e+00
    697.000     0.8574     0.8232  30.053329    34.9458    28.0137    -0.1121 0.0000e+00
    698.000     0.8478     0.8136  30.045043    34.9454    28.0140    -0.1139 0.0000e+00
    699.000     0.8332     0.7990  30.032650    34.9451    28.0147    -0.1076 0.0000e+00
    700.000     0.8140     0.7799  30.016186    34.9447    28.0156    -0.1310 0.0000e+00
    701.000     0.8016     0.7675  30.005390    34.9441    28.0159    -0.1188 0.0000e+00
    702.000     0.7636     0.7297  29.972298    34.9433    28.0177    -0.1158 0.0000e+00
    703.000     0.7448     0.7110  29.956489    34.9433    28.0189    -0.1340 0.0000e+00
    704.000     0.7348     0.7009  29.947706    34.9426    28.0190    -0.1276 0.0000e+00
    705.000     0.7201     0.6862  29.935111    34.9423    28.0196    -0.1098 0.0000e+00
    706.000     0.7111     0.6773  29.927288    34.9416    28.0196    -0.1123 0.0000e+00
    707.000     0.6992     0.6654  29.917139    34.9413    28.0201    -0.1092 0.0000e+00
    708.000     0.6868     0.6530  29.906336    34.9406    28.0203    -0.1248 0.0000e+00
    709.000     0.6637     0.6299  29.886512    34.9403    28.0215    -0.1374 0.0000e+00
    710.000     0.6531     0.6193  29.877396    34.9398    28.0218    -0.1164 0.0000e+00
    711.000     0.6407     0.6070  29.866768    34.9393    28.0222    -0.1178 0.0000e+00
    712.000     0.6258     0.5922  29.853951    34.9388    28.0227    -0.1305 0.0000e+00
    713.000     0.6222     0.5885  29.851122    34.9385    28.0227    -0.1091 0.0000e+00
    714.000     0.6117     0.5780  29.842060    34.9380    28.0229    -0.1153 0.0000e+00
    715.000     0.5979     0.5643  29.830538    34.9380    28.0237    -0.1328 0.0000e+00
    716.000     0.5841     0.5505  29.818737    34.9375    28.0242    -0.1271 0.0000e+00
    717.000     0.5587     0.5252  29.796366    34.9364    28.0249    -0.1255 0.0000e+00
    718.000     0.5491     0.5156  29.788615    34.9366    28.0256    -0.1095 0.0000e+00
    719.000     0.5474     0.5138  29.787216    34.9361    28.0253    -0.1096 0.0000e+00
    720.000     0.5449     0.5113  29.785336    34.9359    28.0253    -0.1086 0.0000e+00
    721.000     0.5382     0.5046  29.779482    34.9352    28.0251    -0.1126 0.0000e+00
