development/example_data/cnv/atwain_cruise/AT281.cnv
* Sea-Bird SBE 9 Data File:
* FileName = C:\ATWAIN_2017\hex\AT281.hex
* Software Version Seasave V 7.21b
* Temperature SN = 2400
* Conductivity SN = 3234
* Number of Bytes Per Scan = 34
* Number of Voltage Words = 4
* Number of Scans Averaged by the Deck Unit = 1
* NMEA baud rate = 4800
** ATWAIN 2017
** R/V Lance
** Sounding depth: 800
** Latitude: 80 24.7814
** Longitude: 008 42.8825
# nquan = 8
# nvalues = 800                         
# units = specified
# name 0 = prDM: Pressure, Digiquartz [db]
# name 1 = t090C: Temperature [ITS-90, deg C]
# name 2 = potemp090C: Potential Temperature [ITS-90, deg C]
# name 3 = c0mS/cm: Conductivity [mS/cm]
# name 4 = sal00: Salinity, Practical [PSU]
# name 5 = sigma-é00: Density [sigma-theta, kg/m^3]
# name 6 = flECO-AFL: Fluorescence, WET Labs ECO-AFL/FL [mg/m^3]
# name 7 = flag: flag
# span 0 =      2.000,    801.000       
# span 1 =    -0.3188,     5.7935       
# span 2 =    -0.3511,     5.7891       
# span 3 =  29.061377,  34.260708       
# span 4 =    33.4527,    35.1059       
# span 5 =    26.6771,    28.0543       
# span 6 =    -0.1361,     2.7559       
# span 7 = 0.0000e+00, 0.0000e+00       
# interval = decibars: 1                
# start_time = Sep 24 2017 12:29:30 [System UTC, first data scan.]
# bad_flag = -9.990e-29
*END*
[from data line 720]
    722.000     0.1230     0.0918  29.412125    34.9223    28.0386    -0.1141 0.0000e+00
    723.000     0.1107     0.0796  29.402081    34.9223    28.0393    -0.1184 0.0000e+00
    724.000     0.1066     0.0754  29.398509    34.9217    28.0390    -0.1081 0.0000e+00
    725.000     0.0989     0.0677  29.392501    34.9219    28.0396    -0.1078 0.0000e+00
    726.000     0.0960     0.0648  29.390299    34.9217    28.0396    -0.1058 0.0000e+00
    727.000     0.0936     0.0623  29.388500    34.9214    28.0395    -0.1134 0.0000e+00
    728.000     0.0753     0.0441  29.372727    34.9208    28.0400    -0.1052 0.0000e+00
    729.000     0.0688     0.0376  29.367370    34.9205    28.0401    -0.1121 0.0000e+00
    730.000     0.0643     0.0331  29.364007    34.9206    28.0404    -0.1025 0.0000e+00
    731.000     0.0617     0.0304  29.362098    34.9205    28.0405    -0.1080 0.0000e+00
    732.000     0.0607     0.0293  29.361460    34.9202    28.0403    -0.1094 0.0000e+00
    733.000     0.0579     0.0266  29.359453    34.9201    28.0404    -0.1098 0.0000e+00
    734.000     0.0525     0.0212  29.355293    34.9201    28.0407    -0.1240 0.0000e+00
    735.000     0.0492     0.0178  29.352798    34.9200    28.0408    -0.1147 0.0000e+00
    736.000     0.0470     0.0155  29.351295    34.9200    28.0409    -0.1209 0.0000e+00
    737.000     0.0452     0.0137  29.350127    34.9199    28.0409    -0.1085 0.0000e+00
    738.000     0.0360     0.0045  29.342429    34.9195    28.0411    -0.1099 0.0000e+00
    739.000     0.0313    -0.0002  29.338825    34.9196    28.0414    -0.1208 0.0000e+00
    740.000     0.0307    -0.0008  29.338874    34.9197    28.0415    -0.1169 0.0000e+00
    741.000     0.0300    -0.0016  29.338560    34.9195    28.0414    -0.1141 0.0000e+00
    742.000     0.0235    -0.0081  29.333221    34.9193    28.0416    -0.1082 0.0000e+00
    743.000     0.0128    -0.0188  29.324671    34.9195    28.0423    -0.1139 0.0000e+00
    744.000     0.0071    -0.0245  29.320117    34.9194    28.0425    -0.1188 0.0000e+00
    745.000    -0.0013    -0.0329  29.313348    34.9194    28.0430    -0.1083 0.0000e+00
    746.000    -0.0126    -0.0441  29.303979    34.9192    28.0434    -0.1088 0.0000e+00
    747.000    -0.0215    -0.0530  29.296779    34.9192    28.0439    -0.1123 0.0000e+00
    748.000    -0.0288    -0.0604  29.290829    34.9191    28.0442    -0.1209 0.0000e+00
    749.000    -0.0360    -0.0676  29.284844    34.9187    28.0443    -0.1067 0.0000e+00
    750.000    -0.0568    -0.0882  29.267548    34.9188    28.0455    -0.1100 0.0000e+00
    751.000    -0.0645    -0.0959  29.261290    34.9187    28.0458    -0.1120 0.0000e+00
    752.000    -0.0788    -0.1103  29.249473    34.9187    28.0466    -0.1102 0.0000e+00
    753.000    -0.0844    -0.1159  29.244905    34.9185    28.0466    -0.1131 0.0000e+00
    754.000    -0.0924    -0.1238  29.238191    34.9180    28.0467    -0.1289 0.0000e+00
    755.000    -0.0950    -0.1265  29.236328    34.9180    28.0468    -0.1080 0.0000e+00
    756.000    -0.0997    -0.1312  29.232540    34.9177    28.0468    -0.1052 0.0000e+00
    757.000    -0.1050    -0.1366  29.228254    34.9175    28.0469    -0.1220 0.0000e+00
    758.000    -0.1121    -0.1437  29.222496    34.9173    28.0472    -0.1212 0.0000e+00
    759.000    -0.1172    -0.1487  29.218622    34.9173    28.0474    -0.1130 0.0000e+00
    760.000    -0.1219    -0.1534  29.214978    34.9173    28.0476    -0.1112 0.0000e+00
    761.000    -0.1254    -0.1570  29.212334    34.9172    28.0477    -0.1206 0.0000e+00
    762.000    -0.1282    -0.1598  29.210247    34.9170    28.0478    -0.1131 0.0000e+00
    763.000    -0.1301    -0.1618  29.208967    34.9169    28.0478    -0.1215 0.0000e+00
    764.000    -0.1353    -0.1670  29.204904    34.9169    28.0480    -0.1123 0.0000e+00
    765.000    -0.1439    -0.1756  29.197874    34.9167    28.0483    -0.1136 0.0000e+00
    766.000    -0.1513    -0.1829  29.192012    34.9167    28.0487    -0.1233 0.0000e+00
    767.000    -0.1567    -0.1884  29.187746    34.9166    28.0489    -0.1206 0.0000e+00
    768.000    -0.1596    -0.1913  29.185501    34.9164    28.0488    -0.1200 0.0000e+00
    769.000    -0.1678    -0.1995  29.178886    34.9163    28.0492    -0.1135 0.0000e+00
    770.000    -0.1708    -0.2025  29.176656    34.9161    28.0492    -0.1130 0.0000e+00
    771.000    -0.1746    -0.2063  29.173859    34.9162    28.0494    -0.1139 0.0000e+00
    772.000    -0.1743    -0.2061  29.174443    34.9161    28.0494    -0.1235 0.0000e+00
    773.000    -0.1879    -0.2196  29.163259    34.9160    28.0500    -0.1113 0.0000e+00
    774.000    -0.1931    -0.2249  29.159214    34.9160    28.0503    -0.1083 0.0000e+00
    775.000    -0.2137    -0.2454  29.142073    34.9161    28.0514    -0.1115 0.0000e+00
    776.000    -0.2152    -0.2469  29.141174    34.9161    28.0514    -0.1183 0.0000e+00
    777.000    -0.2289    -0.2606  29.129605    34.9157    28.0518    -0.1067 0.0000e+00
    778.000    -0.2433    -0.2750  29.117806    34.9158    28.0526    -0.1084 0.0000e+00
    779.000    -0.2547    -0.2864  29.108261    34.9155    28.0530    -0.1095 0.0000e+00
    780.000    -0.2613    -0.2929  29.102818    34.9152    28.0530    -0.1124 0.0000e+00
    781.000    -0.2680    -0.2996  29.097393    34.9150    28.0532    -0.1116 0.0000e+00
    782.000    -0.2740    -0.3056  29.092554    34.9148    28.0533    -0.1089 0.0000e+00
    783.000    -0.2776    -0.3092  29.089967    34.9148    28.0535    -0.1217 0.0000e+00
    784.000    -0.2767    -0.3084  29.090899    34.9145    28.0532    -0.1140 0.0000e+00
    785.000    -0.2786    -0.3104  29.089575    34.9143    28.0532    -0.1153 0.0000e+00
    786.000    -0.2833    -0.3151  29.085936    34.9143    28.0534    -0.1094 0.0000e+00
    787.000    -0.2856    -0.3174  29.084448    34.9142    28.0535    -0.1109 0.0000e+00
    788.000    -0.2877    -0.3195  29.082937    34.9141    28.0534    -0.1095 0.0000e+00
    789.000    -0.2886    -0.3205  29.082429    34.9139    28.0533    -0.1146 0.0000e+00
    790.000    -0.2941    -0.3260  29.078270    34.9140    28.0537    -0.1144 0.0000e+00
    791.000    -0.2975    -0.3294  29.075717    34.9139    28.0538    -0.1013 0.0000e+00
    792.000    -0.3022    -0.3342  29.072185    34.9140    28.0541    -0.1112 0.0000e+00
    793.000    -0.3056    -0.3376  29.069479    34.9136    28.0540    -0.1243 0.0000e+00
    794.000    -0.3076    -0.3395  29.068119    34.9134    28.0539    -0.1095 0.0000e+00
    795.000    -0.3099    -0.3419  29.066499    34.9134    28.0540    -0.1137 0.0000e+00
    796.000    -0.3103    -0.3424  29.066516    34.9133    28.0539    -0.1192 0.0000e+00
    797.000    -0.3097    -0.3419  29.067440    34.9133    28.0539    -0.1198 0.0000e+00
    798.000    -0.3100    -0.3421  29.067706    34.9133    28.0539    -0.1201 0.0000e+00
    799.000    -0.3108    -0.3430  29.067364    34.9132    28.0539    -0.1120 0.0000e+00
    800.000    -0.3173    -0.3495  29.062198    34.9132    28.0542    -0.1245 0.0000e+00
    801.000    -0.3188    -0.3511  29.061377    34.9132    28.0543    -0.1103 0.0000e+00
