development/example_data/cnv/atwain_cruise/AT282.cnv
* Sea-Bird SBE 9 Data File:
* FileName = C:\ATWAIN_2017\hex\AT282.hex
* Software Version Seasave V 7.21b
* Temperature SN = 2400
* Conductivity SN = 3234
* Number of Bytes Per Scan = 34
* Number of Voltage Words = 4
* Number of Scans Averaged by the Deck Unit = 1
* NMEA baud rate = 4800
** ATWAIN 2017
** R/V Lance
** Sounding depth: 708
** Latitude: 80 22.5009
** Longitude: 008 47.9430
# nquan = 8
# nvalues = 698                         
# units = specified
# name 0 = prDM: Pressure, Digiquartz [db]
# name 1 = t090C: Temperature [ITS-90, deg C]
# name 2 = potemp090C: Potential Temperature [ITS-90, deg C]
# name 3 = c0mS/cm: Conductivity [mS/cm]
# name 4 = sal00: Salinity, Practical [PSU]
# name 5 = sigma-é00: Density [sigma-theta, kg/m^3]
# name 6 = flECO-AFL: Fluorescence, WET Labs ECO-AFL/FL [mg/m^3]
# name 7 = flag: flag
# span 0 =      3.000,    700.000       
# span 1 =     0.9800,     6.8338       
# span 2 =     0.9450,     6.8292       
# span 3 =  30.165767,  35.190357       
# span 4 =    33.7872,    35.1182       
# span 5 =    26.8594,    28.0106       
# span 6 =    -0.1310,     3.6553       
# span 7 = 0.0000e+00, 0.0000e+00       
# interval = decibars: 1                
# start_time = Sep 24 2017 13:41:09 [System UTC, first data scan.]
# bad_flag = -9.990e-29
*END*
[from data line 540]
    543.000     2.2287     2.1967  31.206133    34.9753    27.9359    -0.1163 0.0000e+00
    544.000     2.2310     2.1989  31.208697    34.9754    27.9358    -0.1172 0.0000e+00
    545.000     2.2304     2.1983  31.208611    34.9754    27.9358    -0.1189 0.0000e+00
    546.000     2.2293     2.1971  31.207886    34.9752    27.9358    -0.1230 0.0000e+00
    547.000     2.2267     2.1944  31.205934    34.9751    27.9359    -0.1189 0.0000e+00
    548.000     2.2330     2.2007  31.212308    34.9755    27.9357    -0.1186 0.0000e+00
    549.000     2.2307     2.1983  31.210677    34.9754    27.9359    -0.1121 0.0000e+00
    550.000     2.2444     2.2119  31.223843    34.9762    27.9354    -0.1294 0.0000e+00
    551.000     2.1877     2.1553  31.170092    34.9709    27.9359    -0.1025 0.0000e+00
    552.000     2.1604     2.1281  31.145683    34.9698    27.9372    -0.1098 0.0000e+00
    553.000     2.0259     1.9942  31.018566    34.9581    27.9386    -0.1136 0.0000e+00
    554.000     1.9548     1.9233  30.949538    34.9494    27.9373    -0.1199 0.0000e+00
    555.000     1.9217     1.8903  30.920519    34.9489    27.9395    -0.1177 0.0000e+00
    556.000     1.9538     1.9222  30.951133    34.9513    27.9389    -0.1108 0.0000e+00
    557.000     1.9650     1.9333  30.962252    34.9524    27.9389    -0.1263 0.0000e+00
    558.000     1.9768     1.9450  30.973939    34.9535    27.9389    -0.1060 0.0000e+00
    559.000     2.0162     1.9842  31.012565    34.9580    27.9393    -0.1077 0.0000e+00
    560.000     2.0336     2.0014  31.030362    34.9605    27.9400    -0.1158 0.0000e+00
    561.000     2.0347     2.0025  31.032606    34.9616    27.9408    -0.1205 0.0000e+00
    562.000     2.0294     1.9971  31.028439    34.9616    27.9412    -0.1094 0.0000e+00
    563.000     2.0055     1.9732  31.007249    34.9609    27.9425    -0.1025 0.0000e+00
    564.000     1.9968     1.9645  30.999737    34.9605    27.9429    -0.1035 0.0000e+00
    565.000     1.9959     1.9635  30.999163    34.9602    27.9428    -0.1236 0.0000e+00
    566.000     1.9907     1.9583  30.994838    34.9599    27.9429    -0.1106 0.0000e+00
    567.000     1.9881     1.9557  30.992628    34.9594    27.9428    -0.1266 0.0000e+00
    568.000     1.9806     1.9482  30.986019    34.9588    27.9429    -0.1053 0.0000e+00
    569.000     1.9784     1.9459  30.984565    34.9588    27.9431    -0.1240 0.0000e+00
    570.000     1.9772     1.9446  30.983786    34.9587    27.9430    -0.1276 0.0000e+00
    571.000     1.9731     1.9405  30.980275    34.9583    27.9430    -0.1086 0.0000e+00
    572.000     1.9744     1.9417  30.982340    34.9588    27.9434    -0.1047 0.0000e+00
    573.000     1.9705     1.9378  30.979455    34.9589    27.9438    -0.1057 0.0000e+00
    574.000     1.9637     1.9310  30.974065    34.9590    27.9444    -0.1047 0.0000e+00
    575.000     1.9477     1.9149  30.959366    34.9578    27.9447    -0.1151 0.0000e+00
    576.000     1.9342     1.9015  30.947323    34.9569    27.9450    -0.1085 0.0000e+00
    577.000     1.9101     1.8774  30.925909    34.9560    27.9462    -0.1291 0.0000e+00
    578.000     1.9157     1.8829  30.931696    34.9566    27.9462    -0.1266 0.0000e+00
    579.000     1.9142     1.8814  30.930687    34.9563    27.9462    -0.1080 0.0000e+00
    580.000     1.8923     1.8596  30.910584    34.9546    27.9465    -0.1295 0.0000e+00
    581.000     1.8796     1.8468  30.899351    34.9540    27.9470    -0.1046 0.0000e+00
    582.000     1.8739     1.8411  30.894906    34.9541    27.9475    -0.1187 0.0000e+00
    583.000     1.8686     1.8358  30.890469    34.9538    27.9477    -0.1235 0.0000e+00
    584.000     1.8608     1.8279  30.883809    34.9535    27.9481    -0.1038 0.0000e+00
    585.000     1.8537     1.8208  30.878165    34.9537    27.9488    -0.1208 0.0000e+00
    586.000     1.8518     1.8188  30.876966    34.9537    27.9490    -0.1054 0.0000e+00
    587.000     1.8523     1.8193  30.878088    34.9539    27.9491    -0.1162 0.0000e+00
    588.000     1.8525     1.8194  30.878801    34.9541    27.9492    -0.1265 0.0000e+00
    589.000     1.8528     1.8196  30.879852    34.9545    27.9496    -0.1265 0.0000e+00
    590.000     1.8526     1.8195  30.880407    34.9548    27.9498    -0.1290 0.0000e+00
    591.000     1.8515     1.8182  30.879888    34.9549    27.9499    -0.1058 0.0000e+00
    592.000     1.8513     1.8179  30.880138    34.9549    27.9500    -0.1154 0.0000e+00
    593.000     1.8283     1.7951  30.859052    34.9531    27.9503    -0.1278 0.0000e+00
    594.000     1.7869     1.7538  30.821329    34.9507    27.9515    -0.1271 0.0000e+00
    595.000     1.7741     1.7410  30.810087    34.9501    27.9521    -0.1172 0.0000e+00
    596.000     1.7473     1.7142  30.785378    34.9480    27.9525    -0.1283 0.0000e+00
    597.000     1.7564     1.7233  30.795557    34.9502    27.9535    -0.1118 0.0000e+00
    598.000     1.7761     1.7428  30.814582    34.9519    27.9534    -0.1152 0.0000e+00
    599.000     1.7887     1.7553  30.827375    34.9536    27.9537    -0.1009 0.0000e+00
    600.000     1.7935     1.7600  30.832680    34.9543    27.9540    -0.1182 0.0000e+00
    601.000     1.7933     1.7597  30.832996    34.9545    27.9541    -0.1103 0.0000e+00
    602.000     1.7885     1.7549  30.828751    34.9538    27.9540    -0.1286 0.0000e+00
    603.000     1.7756     1.7419  30.817396    34.9532    27.9545    -0.1124 0.0000e+00
    604.000     1.7573     1.7237  30.800765    34.9519    27.9548    -0.1110 0.0000e+00
    605.000     1.7527     1.7191  30.796990    34.9516    27.9550    -0.1224 0.0000e+00
    606.000     1.7615     1.7278  30.805925    34.9526    27.9551    -0.1049 0.0000e+00
    607.000     1.7618     1.7280  30.806744    34.9527    27.9551    -0.1146 0.0000e+00
    608.000     1.7703     1.7364  30.816094    34.9545    27.9560    -0.1137 0.0000e+00
    609.000     1.7690     1.7350  30.815531    34.9548    27.9563    -0.1199 0.0000e+00
    610.000     1.7745     1.7405  30.822369    34.9567    27.9574    -0.1194 0.0000e+00
    611.000     1.7616     1.7276  30.810902    34.9559    27.9577    -0.1079 0.0000e+00
    612.000     1.6953     1.6615  30.750392    34.9523    27.9599    -0.1207 0.0000e+00
    613.000     1.6725     1.6388  30.729601    34.9506    27.9603    -0.1135 0.0000e+00
    614.000     1.7402     1.7061  30.794637    34.9573    27.9605    -0.1214 0.0000e+00
    615.000     1.7267     1.6926  30.782513    34.9564    27.9608    -0.1124 0.0000e+00
    616.000     1.7548     1.7206  30.809510    34.9588    27.9606    -0.1085 0.0000e+00
    617.000     1.7685     1.7341  30.823516    34.9608    27.9612    -0.1102 0.0000e+00
    618.000     1.7907     1.7560  30.844936    34.9628    27.9611    -0.1260 0.0000e+00
    619.000     1.7883     1.7537  30.843438    34.9629    27.9614    -0.1165 0.0000e+00
    620.000     1.7350     1.7005  30.794672    34.9598    27.9629    -0.1149 0.0000e+00
    621.000     1.6984     1.6641  30.761435    34.9576    27.9640    -0.1110 0.0000e+00
    622.000     1.6956     1.6612  30.758567    34.9566    27.9634    -0.1170 0.0000e+00
    623.000     1.6646     1.6303  30.729253    34.9533    27.9631    -0.1055 0.0000e+00
    624.000     1.6426     1.6084  30.709278    34.9518    27.9635    -0.1279 0.0000e+00
    625.000     1.6353     1.6010  30.703473    34.9520    27.9642    -0.1085 0.0000e+00
    626.000     1.6186     1.5844  30.688083    34.9504    27.9642    -0.1057 0.0000e+00
    627.000     1.6153     1.5811  30.685612    34.9503    27.9644    -0.1052 0.0000e+00
    628.000     1.6140     1.5797  30.684358    34.9497    27.9640    -0.1133 0.0000e+00
    629.000     1.6004     1.5661  30.671880    34.9483    27.9639    -0.1162 0.0000e+00
    630.000     1.5908     1.5565  30.663176    34.9474    27.9639    -0.1151 0.0000e+00
    631.000     1.5819     1.5475  30.656637    34.9484    27.9654    -0.1076 0.0000e+00
    632.000     1.5990     1.5645  30.673439    34.9502    27.9655    -0.1158 0.0000e+00
    633.000     1.5864     1.5519  30.662585    34.9498    27.9661    -0.1164 0.0000e+00
    634.000     1.5887     1.5541  30.666302    34.9514    27.9673    -0.1297 0.0000e+00
    635.000     1.5666     1.5321  30.646218    34.9499    27.9677    -0.1187 0.0000e+00
    636.000     1.5256     1.4913  30.608669    34.9471    27.9684    -0.1183 0.0000e+00
    637.000     1.5076     1.4733  30.592172    34.9456    27.9685    -0.1310 0.0000e+00
    638.000     1.4674     1.4333  30.555375    34.9428    27.9692    -0.1077 0.0000e+00
    639.000     1.4640     1.4298  30.552555    34.9425    27.9692    -0.1119 0.0000e+00
    640.000     1.4636     1.4293  30.553571    34.9437    27.9702    -0.0996 0.0000e+00
    641.000     1.4920     1.4576  30.581548    34.9471    27.9709    -0.1083 0.0000e+00
    642.000     1.4841     1.4496  30.574939    34.9470    27.9714    -0.1057 0.0000e+00
    643.000     1.4832     1.4487  30.575288    34.9478    27.9721    -0.1069 0.0000e+00
    644.000     1.4862     1.4516  30.578907    34.9485    27.9725    -0.1062 0.0000e+00
    645.000     1.4604     1.4259  30.556256    34.9477    27.9737    -0.1089 0.0000e+00
    646.000     1.4576     1.4230  30.554232    34.9477    27.9739    -0.1233 0.0000e+00
    647.000     1.4569     1.4223  30.553976    34.9476    27.9739    -0.1134 0.0000e+00
    648.000     1.4590     1.4243  30.556370    34.9477    27.9738    -0.1130 0.0000e+00
    649.000     1.4622     1.4274  30.559772    34.9480    27.9738    -0.1093 0.0000e+00
    650.000     1.4667     1.4318  30.565078    34.9492    27.9745    -0.1062 0.0000e+00
    651.000     1.4806     1.4456  30.579330    34.9513    27.9751    -0.1291 0.0000e+00
    652.000     1.4990     1.4639  30.597754    34.9537    27.9757    -0.1135 0.0000e+00
    653.000     1.5196     1.4842  30.618514    34.9567    27.9767    -0.1169 0.0000e+00
    654.000     1.5264     1.4909  30.625727    34.9577    27.9770    -0.1174 0.0000e+00
    655.000     1.5290     1.4936  30.628904    34.9582    27.9772    -0.1181 0.0000e+00
    656.000     1.5350     1.4994  30.635460    34.9593    27.9777    -0.1304 0.0000e+00
    657.000     1.5460     1.5103  30.647200    34.9614    27.9786    -0.1099 0.0000e+00
    658.000     1.5519     1.5161  30.653831    34.9628    27.9793    -0.1293 0.0000e+00
    659.000     1.5467     1.5108  30.650180    34.9634    27.9801    -0.1076 0.0000e+00
    660.000     1.5382     1.5023  30.643343    34.9636    27.9809    -0.1146 0.0000e+00
    661.000     1.5340     1.4981  30.640522    34.9641    27.9816    -0.1283 0.0000e+00
    662.000     1.5322     1.4962  30.639649    34.9644    27.9820    -0.1197 0.0000e+00
    663.000     1.5307     1.4947  30.639043    34.9647    27.9823    -0.1132 0.0000e+00
    664.000     1.5256     1.4896  30.635354    34.9651    27.9830    -0.1174 0.0000e+00
    665.000     1.5139     1.4778  30.625573    34.9651    27.9839    -0.1064 0.0000e+00
    666.000     1.5037     1.4677  30.617339    34.9654    27.9849    -0.1056 0.0000e+00
    667.000     1.4882     1.4522  30.605102    34.9665    27.9869    -0.1219 0.0000e+00
    668.000     1.4837     1.4476  30.601669    34.9666    27.9873    -0.1310 0.0000e+00
    669.000     1.4794     1.4433  30.598287    34.9664    27.9875    -0.1178 0.0000e+00
    670.000     1.4750     1.4389  30.594885    34.9664    27.9878    -0.1309 0.0000e+00
    671.000     1.4659     1.4298  30.587287    34.9663    27.9884    -0.1254 0.0000e+00
    672.000     1.4502     1.4141  30.573939    34.9662    27.9894    -0.1106 0.0000e+00
    673.000     1.4295     1.3935  30.555856    34.9656    27.9905    -0.1094 0.0000e+00
    674.000     1.4139     1.3778  30.542311    34.9652    27.9913    -0.1078 0.0000e+00
    675.000     1.4073     1.3713  30.536820    34.9649    27.9915    -0.1138 0.0000e+00
    676.000     1.3979     1.3618  30.528756    34.9646    27.9919    -0.1124 0.0000e+00
    677.000     1.3817     1.3457  30.514948    34.9644    27.9929    -0.1152 0.0000e+00
    678.000     1.3689     1.3329  30.503902    34.9640    27.9935    -0.1263 0.0000e+00
    679.000     1.3633     1.3273  30.499256    34.9637    27.9937    -0.1227 0.0000e+00
    680.000     1.3514     1.3154  30.488429    34.9626    27.9937    -0.1153 0.0000e+00
    681.000     1.3179     1.2821  30.459334    34.9621    27.9956    -0.1188 0.0000e+00
    682.000     1.3011     1.2652  30.444753    34.9617    27.9965    -0.1233 0.0000e+00
    683.000     1.2811     1.2453  30.427189    34.9610    27.9973    -0.1034 0.0000e+00
    684.000     1.2700     1.2342  30.417151    34.9599    27.9973    -0.1257 0.0000e+00
    685.000     1.2549     1.2191  30.404080    34.9595    27.9980    -0.1293 0.0000e+00
    686.000     1.2486     1.2129  30.398862    34.9592    27.9982    -0.1088 0.0000e+00
    687.000     1.2409     1.2051  30.392333    34.9589    27.9984    -0.1093 0.0000e+00
    688.000     1.2319     1.1961  30.384685    34.9585    27.9988    -0.1215 0.0000e+00
    689.000     1.2247     1.1889  30.378554    34.9582    27.9990    -0.1200 0.0000e+00
    690.000     1.2154     1.1796  30.370828    34.9581    27.9996    -0.1195 0.0000e+00
    691.000     1.1855     1.1498  30.344797    34.9575    28.0012    -0.1126 0.0000e+00
    692.000     1.1616     1.1260  30.324487    34.9575    28.0029    -0.1190 0.0000e+00
    693.000     1.1314     1.0959  30.297528    34.9561    28.0038    -0.1160 0.0000e+00
    694.000     1.0974     1.0620  30.268375    34.9561    28.0061    -0.1075 0.0000e+00
    695.000     1.0826     1.0473  30.255968    34.9561    28.0071    -0.1222 0.0000e+00
    696.000     1.0731     1.0377  30.247599    34.9554    28.0072    -0.1103 0.0000e+00
    697.000     1.0560     1.0206  30.232340    34.9544    28.0075    -0.1070 0.0000e+00
    698.000     1.0400     1.0047  30.218519    34.9539    28.0082    -0.1147 0.0000e+00
    699.000     1.0107     0.9755  30.192014    34.9520    28.0086    -0.1199 0.0000e+00
    700.000     0.9800     0.9450  30.165767    34.9519    28.0106    -0.1184 0.0000e+00
