development/example_data/cnv/atwain_cruise/AT282.cnv
* Sea-Bird SBE 9 Data File:
* FileName = C:\ATWAIN_2017\hex\AT282.hex
* Software Version Seasave V 7.21b
* Temperature SN = 2400
* Conductivity SN = 3234
* Number of Bytes Per Scan = 34
* Number of Voltage Words = 4
* Number of Scans Averaged by the Deck Unit = 1
* NMEA baud rate = 4800
** ATWAIN 2017
** R/V Lance
** Sounding depth: 708
** Latitude: 80 22.5009
** Longitude: 008 47.9430
# nquan = 8
# nvalues = 698                         
# units = specified
# name 0 = prDM: Pressure, Digiquartz [db]
# name 1 = t090C: Temperature [ITS-90, deg C]
# name 2 = potemp090C: Potential Temperature [ITS-90, deg C]
# name 3 = c0mS/cm: Conductivity [mS/cm]
# name 4 = sal00: Salinity, Practical [PSU]
# name 5 = sigma-é00: Density [sigma-theta, kg/m^3]
# name 6 = flECO-AFL: Fluorescence, WET Labs ECO-AFL/FL [mg/m^3]
# name 7 = flag: flag
# span 0 =      3.000,    700.000       
# span 1 =     0.9800,     6.8338       
# span 2 =     0.9450,     6.8292       
# span 3 =  30.165767,  35.190357       
# span 4 =    33.7872,    35.1182       
# span 5 =    26.8594,    28.0106       
# span 6 =    -0.1310,     3.6553       
# span 7 = 0.0000e+00, 0.0000e+00       
# interval = decibars: 1                
# start_time = Sep 24 2017 13:41:09 [System UTC, first data scan.]
# bad_flag = -9.990e-29
*END*
[from data line 360]
    363.000     3.6924     3.6672  32.496483    35.0626    27.8704    -0.1012 0.0000e+00
    364.000     3.6893     3.6641  32.494234    35.0627    27.8708    -0.1200 0.0000e+00
    365.000     3.6877     3.6624  32.493220    35.0627    27.8709    -0.1272 0.0000e+00
    366.000     3.6859     3.6605  32.492114    35.0627    27.8712    -0.1273 0.0000e+00
    367.000     3.6850     3.6595  32.491824    35.0628    27.8713    -0.1242 0.0000e+00
    368.000     3.6840     3.6585  32.491342    35.0627    27.8713    -0.1018 0.0000e+00
    369.000     3.6833     3.6577  32.491753    35.0634    27.8720    -0.1030 0.0000e+00
    370.000     3.6853     3.6596  32.494568    35.0641    27.8724    -0.0985 0.0000e+00
    371.000     3.6856     3.6598  32.495540    35.0644    27.8726    -0.1028 0.0000e+00
    372.000     3.6838     3.6581  32.495189    35.0653    27.8735    -0.1183 0.0000e+00
    373.000     3.6820     3.6561  32.494447    35.0659    27.8741    -0.1160 0.0000e+00
    374.000     3.6821     3.6561  32.495009    35.0659    27.8742    -0.1122 0.0000e+00
    375.000     3.6828     3.6568  32.496455    35.0663    27.8744    -0.1269 0.0000e+00
    376.000     3.6825     3.6564  32.496595    35.0663    27.8744    -0.1274 0.0000e+00
    377.000     3.6826     3.6564  32.497173    35.0664    27.8745    -0.1191 0.0000e+00
    378.000     3.6807     3.6544  32.495786    35.0662    27.8745    -0.1070 0.0000e+00
    379.000     3.6820     3.6557  32.497806    35.0666    27.8748    -0.1144 0.0000e+00
    380.000     3.6810     3.6546  32.497110    35.0664    27.8746    -0.1225 0.0000e+00
    381.000     3.6822     3.6557  32.498552    35.0663    27.8745    -0.1265 0.0000e+00
    382.000     3.6826     3.6561  32.499511    35.0664    27.8746    -0.1054 0.0000e+00
    383.000     3.6824     3.6558  32.499743    35.0664    27.8746    -0.1113 0.0000e+00
    384.000     3.6710     3.6444  32.490184    35.0665    27.8758    -0.1124 0.0000e+00
    385.000     3.6580     3.6313  32.478791    35.0663    27.8770    -0.1074 0.0000e+00
    386.000     3.6485     3.6218  32.470363    35.0659    27.8776    -0.1166 0.0000e+00
    387.000     3.6273     3.6006  32.451120    35.0650    27.8790    -0.1078 0.0000e+00
    388.000     3.6192     3.5925  32.444126    35.0648    27.8796    -0.1119 0.0000e+00
    389.000     3.6194     3.5925  32.444471    35.0645    27.8794    -0.1171 0.0000e+00
    390.000     3.6188     3.5919  32.444068    35.0641    27.8792    -0.1103 0.0000e+00
    391.000     3.6153     3.5884  32.441266    35.0639    27.8794    -0.1202 0.0000e+00
    392.000     3.6123     3.5853  32.439146    35.0641    27.8798    -0.1086 0.0000e+00
    393.000     3.6091     3.5820  32.436795    35.0642    27.8802    -0.1103 0.0000e+00
    394.000     3.6166     3.5894  32.445586    35.0661    27.8810    -0.1181 0.0000e+00
    395.000     3.6165     3.5893  32.446346    35.0665    27.8814    -0.1065 0.0000e+00
    396.000     3.6121     3.5848  32.443032    35.0668    27.8820    -0.1303 0.0000e+00
    397.000     3.6096     3.5822  32.441254    35.0668    27.8823    -0.1132 0.0000e+00
    398.000     3.6069     3.5795  32.439080    35.0665    27.8823    -0.1175 0.0000e+00
    399.000     3.6028     3.5753  32.436023    35.0667    27.8829    -0.1274 0.0000e+00
    400.000     3.6069     3.5793  32.440841    35.0675    27.8832    -0.1066 0.0000e+00
    401.000     3.6036     3.5759  32.438517    35.0678    27.8837    -0.1277 0.0000e+00
    402.000     3.5875     3.5599  32.424287    35.0674    27.8850    -0.1273 0.0000e+00
    403.000     3.5764     3.5487  32.414128    35.0667    27.8855    -0.1082 0.0000e+00
    404.000     3.5642     3.5365  32.403335    35.0662    27.8864    -0.1040 0.0000e+00
    405.000     3.5590     3.5312  32.398817    35.0659    27.8866    -0.1259 0.0000e+00
    406.000     3.5562     3.5283  32.396638    35.0658    27.8868    -0.1264 0.0000e+00
    407.000     3.5554     3.5275  32.396516    35.0659    27.8870    -0.1115 0.0000e+00
    408.000     3.5538     3.5258  32.395265    35.0656    27.8869    -0.1261 0.0000e+00
    409.000     3.5502     3.5222  32.392320    35.0653    27.8871    -0.1082 0.0000e+00
    410.000     3.5358     3.5077  32.379714    35.0651    27.8884    -0.1219 0.0000e+00
    411.000     3.5384     3.5102  32.382344    35.0650    27.8880    -0.1167 0.0000e+00
    412.000     3.5288     3.5006  32.373932    35.0646    27.8886    -0.1195 0.0000e+00
    413.000     3.5248     3.4966  32.370653    35.0644    27.8889    -0.1270 0.0000e+00
    414.000     3.5230     3.4946  32.369960    35.0650    27.8896    -0.1271 0.0000e+00
    415.000     3.5250     3.4966  32.372682    35.0656    27.8898    -0.1229 0.0000e+00
    416.000     3.5266     3.4982  32.374015    35.0649    27.8891    -0.1072 0.0000e+00
    417.000     3.5192     3.4907  32.368451    35.0656    27.8904    -0.1268 0.0000e+00
    418.000     3.5008     3.4722  32.351176    35.0642    27.8911    -0.1256 0.0000e+00
    419.000     3.4895     3.4609  32.340885    35.0633    27.8916    -0.1045 0.0000e+00
    420.000     3.4868     3.4582  32.338912    35.0633    27.8918    -0.1189 0.0000e+00
    421.000     3.4819     3.4532  32.334725    35.0630    27.8921    -0.1203 0.0000e+00
    422.000     3.4687     3.4400  32.322687    35.0622    27.8927    -0.1119 0.0000e+00
    423.000     3.4497     3.4210  32.305434    35.0613    27.8939    -0.1277 0.0000e+00
    424.000     3.4337     3.4050  32.290974    35.0605    27.8948    -0.1239 0.0000e+00
    425.000     3.4289     3.4001  32.286879    35.0603    27.8951    -0.1063 0.0000e+00
    426.000     3.4264     3.3976  32.284849    35.0599    27.8951    -0.1203 0.0000e+00
    427.000     3.4225     3.3936  32.281468    35.0596    27.8952    -0.1095 0.0000e+00
    428.000     3.3989     3.3700  32.259195    35.0575    27.8958    -0.1257 0.0000e+00
    429.000     3.3802     3.3513  32.241592    35.0559    27.8964    -0.1132 0.0000e+00
    430.000     3.3577     3.3288  32.220460    35.0541    27.8971    -0.1146 0.0000e+00
    431.000     3.3533     3.3243  32.216704    35.0538    27.8973    -0.1197 0.0000e+00
    432.000     3.3504     3.3214  32.214163    35.0533    27.8972    -0.1275 0.0000e+00
    433.000     3.3495     3.3205  32.213759    35.0531    27.8972    -0.1061 0.0000e+00
    434.000     3.3486     3.3195  32.213311    35.0530    27.8972    -0.1232 0.0000e+00
    435.000     3.3461     3.3169  32.211187    35.0526    27.8971    -0.1009 0.0000e+00
    436.000     3.3388     3.3096  32.204732    35.0521    27.8974    -0.1269 0.0000e+00
    437.000     3.3359     3.3066  32.202555    35.0521    27.8977    -0.1008 0.0000e+00
    438.000     3.3318     3.3025  32.198943    35.0516    27.8977    -0.1038 0.0000e+00
    439.000     3.3227     3.2933  32.190561    35.0508    27.8980    -0.1142 0.0000e+00
    440.000     3.3231     3.2936  32.191108    35.0504    27.8976    -0.1230 0.0000e+00
    441.000     3.3039     3.2744  32.173038    35.0488    27.8981    -0.1214 0.0000e+00
    442.000     3.2581     3.2287  32.128962    35.0443    27.8990    -0.1269 0.0000e+00
    443.000     3.2294     3.2000  32.101737    35.0418    27.8997    -0.1283 0.0000e+00
    444.000     3.2117     3.1824  32.084697    35.0397    27.8997    -0.1149 0.0000e+00
    445.000     3.2121     3.1827  32.083936    35.0378    27.8982    -0.1144 0.0000e+00
    446.000     3.1758     3.1465  32.048898    35.0339    27.8985    -0.1119 0.0000e+00
    447.000     3.0655     3.0365  31.942510    35.0234    27.9004    -0.1119 0.0000e+00
    448.000     2.8999     2.8715  31.782974    35.0076    27.9030    -0.1020 0.0000e+00
    449.000     2.8265     2.7982  31.713003    35.0012    27.9046    -0.1024 0.0000e+00
    450.000     2.7482     2.7201  31.637297    34.9928    27.9049    -0.1040 0.0000e+00
    451.000     2.7198     2.6917  31.609340    34.9889    27.9043    -0.1124 0.0000e+00
    452.000     2.6152     2.5874  31.508941    34.9787    27.9053    -0.1086 0.0000e+00
    453.000     2.6060     2.5782  31.500130    34.9773    27.9050    -0.1276 0.0000e+00
    454.000     2.5814     2.5537  31.475788    34.9734    27.9041    -0.1283 0.0000e+00
    455.000     2.5604     2.5327  31.455957    34.9713    27.9043    -0.1138 0.0000e+00
    456.000     2.5433     2.5156  31.439425    34.9690    27.9039    -0.1031 0.0000e+00
    457.000     2.5328     2.5051  31.428599    34.9666    27.9028    -0.1086 0.0000e+00
    458.000     2.5329     2.5051  31.428836    34.9661    27.9025    -0.1078 0.0000e+00
    459.000     2.4941     2.4664  31.391171    34.9614    27.9021    -0.1091 0.0000e+00
    460.000     2.4256     2.3981  31.326150    34.9552    27.9029    -0.1195 0.0000e+00
    461.000     2.3977     2.3702  31.300413    34.9532    27.9037    -0.1206 0.0000e+00
    462.000     2.4017     2.3742  31.304421    34.9533    27.9034    -0.1223 0.0000e+00
    463.000     2.4376     2.4098  31.340142    34.9578    27.9040    -0.1073 0.0000e+00
    464.000     2.4674     2.4394  31.369503    34.9610    27.9040    -0.1087 0.0000e+00
    465.000     2.5133     2.4852  31.416368    34.9682    27.9059    -0.1070 0.0000e+00
    466.000     2.5741     2.5456  31.475791    34.9748    27.9059    -0.1098 0.0000e+00
    467.000     2.5954     2.5668  31.498284    34.9788    27.9072    -0.1101 0.0000e+00
    468.000     2.5802     2.5515  31.485256    34.9787    27.9085    -0.1198 0.0000e+00
    469.000     2.5608     2.5322  31.468106    34.9781    27.9097    -0.1098 0.0000e+00
    470.000     2.5575     2.5289  31.465464    34.9778    27.9098    -0.1308 0.0000e+00
    471.000     2.5535     2.5248  31.462028    34.9775    27.9099    -0.1174 0.0000e+00
    472.000     2.5491     2.5204  31.458358    34.9772    27.9100    -0.1158 0.0000e+00
    473.000     2.5319     2.5032  31.442247    34.9755    27.9101    -0.1043 0.0000e+00
    474.000     2.5075     2.4787  31.420005    34.9741    27.9111    -0.1108 0.0000e+00
    475.000     2.4967     2.4680  31.410718    34.9738    27.9118    -0.1243 0.0000e+00
    476.000     2.4935     2.4647  31.408269    34.9737    27.9120    -0.1128 0.0000e+00
    477.000     2.4862     2.4574  31.401931    34.9733    27.9123    -0.1059 0.0000e+00
    478.000     2.4862     2.4573  31.402810    34.9738    27.9128    -0.1143 0.0000e+00
    479.000     2.4562     2.4274  31.374509    34.9710    27.9131    -0.1253 0.0000e+00
    480.000     2.4180     2.3892  31.339798    34.9692    27.9149    -0.1072 0.0000e+00
    481.000     2.3871     2.3584  31.310009    34.9655    27.9145    -0.1085 0.0000e+00
    482.000     2.2952     2.2668  31.223665    34.9583    27.9165    -0.1203 0.0000e+00
    483.000     2.2537     2.2254  31.186097    34.9565    27.9185    -0.1257 0.0000e+00
    484.000     2.2596     2.2312  31.191308    34.9560    27.9176    -0.1123 0.0000e+00
    485.000     2.2627     2.2343  31.194509    34.9559    27.9173    -0.1143 0.0000e+00
    486.000     2.2633     2.2348  31.194936    34.9553    27.9168    -0.1145 0.0000e+00
    487.000     2.2843     2.2556  31.216165    34.9582    27.9173    -0.1033 0.0000e+00
    488.000     2.3259     2.2970  31.257106    34.9629    27.9177    -0.1184 0.0000e+00
    489.000     2.3504     2.3213  31.281124    34.9653    27.9175    -0.1267 0.0000e+00
    490.000     2.3485     2.3194  31.280100    34.9656    27.9179    -0.1154 0.0000e+00
    491.000     2.3480     2.3188  31.280249    34.9658    27.9181    -0.1169 0.0000e+00
    492.000     2.3418     2.3126  31.275157    34.9657    27.9185    -0.1100 0.0000e+00
    493.000     2.3224     2.2932  31.257403    34.9643    27.9191    -0.1237 0.0000e+00
    494.000     2.2969     2.2677  31.233152    34.9616    27.9191    -0.1093 0.0000e+00
    495.000     2.2700     2.2408  31.208463    34.9598    27.9198    -0.1051 0.0000e+00
    496.000     2.2398     2.2108  31.181175    34.9583    27.9211    -0.1042 0.0000e+00
    497.000     2.2466     2.2175  31.186921    34.9574    27.9199    -0.1025 0.0000e+00
    498.000     2.1694     2.1405  31.114976    34.9519    27.9218    -0.1039 0.0000e+00
    499.000     2.2316     2.2024  31.177996    34.9616    27.9245    -0.1011 0.0000e+00
    500.000     2.2149     2.1857  31.160258    34.9573    27.9224    -0.1005 0.0000e+00
    501.000     2.1559     2.1269  31.106835    34.9549    27.9253    -0.1119 0.0000e+00
    502.000     2.1525     2.1234  31.103055    34.9534    27.9244    -0.1248 0.0000e+00
    503.000     2.1627     2.1335  31.112672    34.9536    27.9237    -0.1142 0.0000e+00
    504.000     2.1359     2.1068  31.088378    34.9521    27.9247    -0.0999 0.0000e+00
    505.000     2.1315     2.1023  31.084353    34.9514    27.9245    -0.1029 0.0000e+00
    506.000     2.0862     2.0572  31.042092    34.9477    27.9252    -0.1132 0.0000e+00
    507.000     2.0698     2.0407  31.027023    34.9464    27.9255    -0.1132 0.0000e+00
    508.000     2.0633     2.0343  31.021292    34.9457    27.9255    -0.1056 0.0000e+00
    509.000     2.0491     2.0200  31.007967    34.9441    27.9254    -0.1024 0.0000e+00
    510.000     2.0450     2.0158  31.004275    34.9435    27.9252    -0.1070 0.0000e+00
    511.000     2.0346     2.0055  30.995303    34.9431    27.9257    -0.1188 0.0000e+00
    512.000     2.0309     2.0017  30.992178    34.9427    27.9257    -0.1161 0.0000e+00
    513.000     2.0317     2.0024  30.993263    34.9426    27.9256    -0.1160 0.0000e+00
    514.000     2.0344     2.0051  30.996216    34.9428    27.9255    -0.1077 0.0000e+00
    515.000     2.0343     2.0049  30.996583    34.9428    27.9255    -0.1029 0.0000e+00
    516.000     2.0420     2.0125  31.004556    34.9438    27.9257    -0.1049 0.0000e+00
    517.000     2.0510     2.0214  31.013472    34.9444    27.9255    -0.1007 0.0000e+00
    518.000     2.0519     2.0222  31.014933    34.9447    27.9257    -0.1236 0.0000e+00
    519.000     2.0527     2.0229  31.015980    34.9446    27.9255    -0.1107 0.0000e+00
    520.000     2.0594     2.0296  31.022894    34.9453    27.9255    -0.1225 0.0000e+00
    521.000     2.0781     2.0481  31.041421    34.9474    27.9257    -0.1155 0.0000e+00
    522.000     2.1384     2.1081  31.101890    34.9562    27.9279    -0.1174 0.0000e+00
    523.000     2.2260     2.1953  31.187106    34.9657    27.9283    -0.1261 0.0000e+00
    524.000     2.2420     2.2112  31.203861    34.9685    27.9293    -0.0986 0.0000e+00
    525.000     2.2405     2.2096  31.203221    34.9688    27.9296    -0.1068 0.0000e+00
    526.000     2.2397     2.2087  31.203147    34.9690    27.9299    -0.1179 0.0000e+00
    527.000     2.2395     2.2085  31.203674    34.9693    27.9302    -0.1180 0.0000e+00
    528.000     2.2395     2.2084  31.204329    34.9696    27.9304    -0.1196 0.0000e+00
    529.000     2.2428     2.2116  31.208096    34.9701    27.9305    -0.1202 0.0000e+00
    530.000     2.2448     2.2136  31.210592    34.9704    27.9306    -0.1051 0.0000e+00
    531.000     2.2564     2.2251  31.222870    34.9724    27.9313    -0.1146 0.0000e+00
    532.000     2.2725     2.2410  31.238987    34.9743    27.9314    -0.1172 0.0000e+00
    533.000     2.2987     2.2671  31.265082    34.9774    27.9318    -0.1219 0.0000e+00
    534.000     2.3071     2.2754  31.274852    34.9798    27.9330    -0.1283 0.0000e+00
    535.000     2.3032     2.2713  31.271895    34.9799    27.9334    -0.1300 0.0000e+00
    536.000     2.3035     2.2717  31.272739    34.9800    27.9335    -0.1247 0.0000e+00
    537.000     2.2881     2.2563  31.258910    34.9791    27.9340    -0.1211 0.0000e+00
    538.000     2.2688     2.2370  31.241799    34.9785    27.9351    -0.1241 0.0000e+00
    539.000     2.2544     2.2225  31.228753    34.9775    27.9356    -0.1214 0.0000e+00
    540.000     2.2450     2.2131  31.220414    34.9769    27.9358    -0.1282 0.0000e+00
    541.000     2.2341     2.2022  31.210600    34.9760    27.9360    -0.1079 0.0000e+00
