development/example_data/cnv/atwain_cruise/AT283.cnv
* Sea-Bird SBE 9 Data File:
* FileName = C:\ATWAIN_2017\hex\AT283.hex
* Software Version Seasave V 7.21b
* Temperature SN = 2400
* Conductivity SN = 3234
* Number of Bytes Per Scan = 34
* Number of Voltage Words = 4
* Number of Scans Averaged by the Deck Unit = 1
* NMEA baud rate = 4800
** ATWAIN 2017
** R/V Lance
** Sounding depth: 607
** Latitude: 80 17.4920
** Longitude: 008 54.4540
# nquan = 8
# nvalues = 598                         
# units = specified
# name 0 = prDM: Pressure, Digiquartz [db]
# name 1 = t090C: Temperature [ITS-90, deg C]
# name 2 = potemp090C: Potential Temperature [ITS-90, deg C]
# name 3 = c0mS/cm: Conductivity [mS/cm]
# name 4 = sal00: Salinity, Practical [PSU]
# name 5 = sigma-é00: Density [sigma-theta, kg/m^3]
# name 6 = flECO-AFL: Fluorescence, WET Labs ECO-AFL/FL [mg/m^3]
# name 7 = flag: flag
# span 0 =      4.000,    601.000       
# span 1 =     1.9858,     6.6492       
# span 2 =     1.9513,     6.6467       
# span 3 =  31.032514,  35.013629       
# span 4 =    34.7530,    35.1213       
# span 5 =    27.3696,    27.9699       
# span 6 =    -0.1315,     2.0603       
# span 7 = 0.0000e+00, 0.0000e+00       
# interval = decibars: 1                
# start_time = Sep 24 2017 14:58:53 [System UTC, first data scan.]
# bad_flag = -9.990e-29
*END*
[from data line 180]
    184.000     4.5988     4.5850  33.255627    35.0920    27.7958    -0.1025 0.0000e+00
    185.000     4.5965     4.5826  33.253699    35.0916    27.7958    -0.1222 0.0000e+00
    186.000     4.5985     4.5846  33.255834    35.0914    27.7954    -0.1203 0.0000e+00
    187.000     4.5911     4.5771  33.249112    35.0909    27.7958    -0.1022 0.0000e+00
    188.000     4.5843     4.5702  33.243016    35.0904    27.7963    -0.1174 0.0000e+00
    189.000     4.5814     4.5672  33.240597    35.0902    27.7964    -0.1007 0.0000e+00
    190.000     4.5800     4.5658  33.239859    35.0902    27.7966    -0.1026 0.0000e+00
    191.000     4.5759     4.5615  33.236380    35.0900    27.7968    -0.0976 0.0000e+00
    192.000     4.5700     4.5556  33.231272    35.0897    27.7973    -0.0983 0.0000e+00
    193.000     4.5639     4.5495  33.225809    35.0891    27.7976    -0.1002 0.0000e+00
    194.000     4.5595     4.5450  33.221939    35.0888    27.7978    -0.1207 0.0000e+00
    195.000     4.5553     4.5407  33.218324    35.0884    27.7979    -0.1035 0.0000e+00
    196.000     4.5542     4.5395  33.217518    35.0882    27.7979    -0.0993 0.0000e+00
    197.000     4.5564     4.5417  33.219941    35.0881    27.7976    -0.1155 0.0000e+00
    198.000     4.5508     4.5359  33.215234    35.0880    27.7982    -0.1015 0.0000e+00
    199.000     4.5467     4.5318  33.212196    35.0882    27.7988    -0.1244 0.0000e+00
    200.000     4.5425     4.5276  33.208707    35.0880    27.7991    -0.1029 0.0000e+00
    201.000     4.5435     4.5285  33.210220    35.0882    27.7992    -0.0981 0.0000e+00
    202.000     4.5438     4.5286  33.210830    35.0881    27.7991    -0.1150 0.0000e+00
    203.000     4.5453     4.5301  33.212970    35.0885    27.7992    -0.0976 0.0000e+00
    204.000     4.5486     4.5333  33.216908    35.0891    27.7993    -0.1087 0.0000e+00
    205.000     4.5497     4.5343  33.218329    35.0891    27.7992    -0.1183 0.0000e+00
    206.000     4.5520     4.5366  33.221136    35.0893    27.7992    -0.1037 0.0000e+00
    207.000     4.5530     4.5374  33.222682    35.0896    27.7993    -0.1013 0.0000e+00
    208.000     4.5603     4.5447  33.231447    35.0915    27.8000    -0.1156 0.0000e+00
    209.000     4.5461     4.5304  33.218527    35.0909    27.8011    -0.1099 0.0000e+00
    210.000     4.5318     4.5160  33.205222    35.0900    27.8020    -0.0996 0.0000e+00
    211.000     4.5299     4.5142  33.203898    35.0898    27.8021    -0.1018 0.0000e+00
    212.000     4.5361     4.5202  33.210286    35.0903    27.8017    -0.1046 0.0000e+00
    213.000     4.5379     4.5220  33.212462    35.0903    27.8016    -0.0990 0.0000e+00
    214.000     4.5351     4.5190  33.210121    35.0901    27.8017    -0.1039 0.0000e+00
    215.000     4.5206     4.5046  33.196470    35.0888    27.8023    -0.1013 0.0000e+00
    216.000     4.5128     4.4967  33.189447    35.0884    27.8028    -0.1004 0.0000e+00
    217.000     4.5095     4.4933  33.186498    35.0879    27.8028    -0.1119 0.0000e+00
    218.000     4.5045     4.4882  33.182003    35.0874    27.8030    -0.1101 0.0000e+00
    219.000     4.5027     4.4863  33.180581    35.0871    27.8030    -0.1028 0.0000e+00
    220.000     4.4978     4.4814  33.176428    35.0868    27.8033    -0.1006 0.0000e+00
    221.000     4.4866     4.4701  33.165998    35.0860    27.8039    -0.1015 0.0000e+00
    222.000     4.4798     4.4633  33.159786    35.0853    27.8041    -0.1230 0.0000e+00
    223.000     4.4685     4.4519  33.149482    35.0847    27.8048    -0.1266 0.0000e+00
    224.000     4.4476     4.4309  33.129977    35.0834    27.8062    -0.1074 0.0000e+00
    225.000     4.4304     4.4138  33.114059    35.0824    27.8072    -0.1033 0.0000e+00
    226.000     4.4282     4.4115  33.112060    35.0818    27.8070    -0.1196 0.0000e+00
    227.000     4.4265     4.4097  33.110679    35.0815    27.8070    -0.1077 0.0000e+00
    228.000     4.4246     4.4077  33.109289    35.0814    27.8071    -0.1076 0.0000e+00
    229.000     4.4242     4.4073  33.109403    35.0813    27.8071    -0.1121 0.0000e+00
    230.000     4.4242     4.4072  33.109804    35.0813    27.8071    -0.1178 0.0000e+00
    231.000     4.4242     4.4071  33.110010    35.0810    27.8069    -0.1006 0.0000e+00
    232.000     4.4238     4.4066  33.109919    35.0808    27.8068    -0.0998 0.0000e+00
    233.000     4.4195     4.4022  33.106403    35.0807    27.8072    -0.1058 0.0000e+00
    234.000     4.4165     4.3991  33.103986    35.0805    27.8074    -0.1042 0.0000e+00
    235.000     4.4153     4.3978  33.103356    35.0805    27.8075    -0.1028 0.0000e+00
    236.000     4.4097     4.3922  33.098436    35.0801    27.8078    -0.1017 0.0000e+00
    237.000     4.4016     4.3840  33.091162    35.0796    27.8083    -0.1090 0.0000e+00
    238.000     4.3950     4.3774  33.085139    35.0790    27.8086    -0.1239 0.0000e+00
    239.000     4.3854     4.3677  33.076226    35.0782    27.8090    -0.1100 0.0000e+00
    240.000     4.3852     4.3674  33.076461    35.0781    27.8090    -0.1109 0.0000e+00
    241.000     4.3832     4.3654  33.074827    35.0778    27.8089    -0.1036 0.0000e+00
    242.000     4.3816     4.3637  33.073678    35.0776    27.8089    -0.1017 0.0000e+00
    243.000     4.3706     4.3527  33.063222    35.0764    27.8092    -0.0982 0.0000e+00
    244.000     4.3440     4.3261  33.038723    35.0753    27.8112    -0.0996 0.0000e+00
    245.000     4.3432     4.3252  33.038084    35.0749    27.8110    -0.1067 0.0000e+00
    246.000     4.3408     4.3227  33.036055    35.0745    27.8109    -0.0982 0.0000e+00
    247.000     4.3366     4.3185  33.032416    35.0741    27.8111    -0.1024 0.0000e+00
    248.000     4.3120     4.2938  33.009004    35.0721    27.8122    -0.0988 0.0000e+00
    249.000     4.2928     4.2745  32.992324    35.0724    27.8145    -0.1127 0.0000e+00
    250.000     4.2917     4.2734  32.991710    35.0723    27.8145    -0.1156 0.0000e+00
    251.000     4.2885     4.2701  32.989325    35.0723    27.8149    -0.0999 0.0000e+00
    252.000     4.2858     4.2674  32.987635    35.0726    27.8154    -0.1097 0.0000e+00
    253.000     4.2855     4.2670  32.987695    35.0725    27.8154    -0.1255 0.0000e+00
    254.000     4.2846     4.2660  32.987429    35.0725    27.8156    -0.1073 0.0000e+00
    255.000     4.2850     4.2663  32.988368    35.0727    27.8157    -0.1021 0.0000e+00
    256.000     4.2851     4.2664  32.988998    35.0728    27.8157    -0.0998 0.0000e+00
    257.000     4.2840     4.2652  32.988478    35.0728    27.8159    -0.1004 0.0000e+00
    258.000     4.2829     4.2640  32.988012    35.0729    27.8161    -0.1086 0.0000e+00
    259.000     4.2786     4.2596  32.984652    35.0730    27.8166    -0.1265 0.0000e+00
    260.000     4.2733     4.2543  32.980531    35.0733    27.8174    -0.1043 0.0000e+00
    261.000     4.2706     4.2515  32.978441    35.0731    27.8176    -0.1106 0.0000e+00
    262.000     4.2676     4.2484  32.976181    35.0731    27.8179    -0.1086 0.0000e+00
    263.000     4.2637     4.2445  32.973288    35.0733    27.8185    -0.0979 0.0000e+00
    264.000     4.2613     4.2419  32.971629    35.0734    27.8188    -0.1026 0.0000e+00
    265.000     4.2604     4.2410  32.971123    35.0732    27.8188    -0.1121 0.0000e+00
    266.000     4.2603     4.2409  32.971492    35.0731    27.8187    -0.0996 0.0000e+00
    267.000     4.2595     4.2400  32.971256    35.0732    27.8189    -0.0952 0.0000e+00
    268.000     4.2586     4.2391  32.971151    35.0734    27.8192    -0.1004 0.0000e+00
    269.000     4.2576     4.2380  32.970505    35.0732    27.8191    -0.0975 0.0000e+00
    270.000     4.2574     4.2376  32.970709    35.0732    27.8192    -0.0983 0.0000e+00
    271.000     4.2574     4.2376  32.971150    35.0731    27.8191    -0.1170 0.0000e+00
    272.000     4.2559     4.2360  32.970259    35.0732    27.8193    -0.0982 0.0000e+00
    273.000     4.2543     4.2344  32.969351    35.0732    27.8195    -0.0989 0.0000e+00
    274.000     4.2488     4.2288  32.964927    35.0733    27.8202    -0.0968 0.0000e+00
    275.000     4.2429     4.2228  32.960209    35.0735    27.8210    -0.1003 0.0000e+00
    276.000     4.2408     4.2207  32.958599    35.0733    27.8210    -0.1052 0.0000e+00
    277.000     4.2389     4.2187  32.957279    35.0732    27.8212    -0.1109 0.0000e+00
    278.000     4.2366     4.2163  32.955638    35.0732    27.8215    -0.1033 0.0000e+00
    279.000     4.2330     4.2127  32.952812    35.0731    27.8218    -0.1027 0.0000e+00
    280.000     4.2289     4.2084  32.949625    35.0733    27.8223    -0.0999 0.0000e+00
    281.000     4.2281     4.2076  32.949349    35.0732    27.8224    -0.0991 0.0000e+00
    282.000     4.2276     4.2070  32.949446    35.0733    27.8226    -0.0975 0.0000e+00
    283.000     4.2270     4.2064  32.949338    35.0733    27.8226    -0.1053 0.0000e+00
    284.000     4.2269     4.2062  32.949513    35.0730    27.8224    -0.1154 0.0000e+00
    285.000     4.2258     4.2050  32.949113    35.0732    27.8227    -0.1195 0.0000e+00
    286.000     4.2220     4.2011  32.946270    35.0734    27.8232    -0.1021 0.0000e+00
    287.000     4.2205     4.1996  32.945517    35.0735    27.8235    -0.1014 0.0000e+00
    288.000     4.2187     4.1977  32.944457    35.0737    27.8238    -0.0991 0.0000e+00
    289.000     4.2146     4.1935  32.941667    35.0742    27.8247    -0.1022 0.0000e+00
    290.000     4.2132     4.1920  32.941058    35.0744    27.8251    -0.1223 0.0000e+00
    291.000     4.2131     4.1919  32.942469    35.0756    27.8260    -0.1047 0.0000e+00
    292.000     4.2156     4.1943  32.946318    35.0770    27.8268    -0.1083 0.0000e+00
    293.000     4.2182     4.1968  32.949715    35.0778    27.8272    -0.1147 0.0000e+00
    294.000     4.2229     4.2014  32.955646    35.0792    27.8278    -0.1006 0.0000e+00
    295.000     4.2257     4.2042  32.959368    35.0800    27.8282    -0.1037 0.0000e+00
    296.000     4.2248     4.2031  32.959276    35.0804    27.8286    -0.1250 0.0000e+00
    297.000     4.2436     4.2218  32.980884    35.0854    27.8306    -0.1058 0.0000e+00
    298.000     4.2605     4.2387  32.999628    35.0889    27.8316    -0.1061 0.0000e+00
    299.000     4.2589     4.2370  32.999033    35.0894    27.8321    -0.1256 0.0000e+00
    300.000     4.2521     4.2301  32.993360    35.0894    27.8329    -0.1165 0.0000e+00
    301.000     4.2494     4.2274  32.991449    35.0895    27.8332    -0.0977 0.0000e+00
    302.000     4.2486     4.2265  32.991701    35.0901    27.8338    -0.1191 0.0000e+00
    303.000     4.2417     4.2195  32.985774    35.0899    27.8344    -0.1256 0.0000e+00
    304.000     4.2302     4.2080  32.975146    35.0891    27.8350    -0.1256 0.0000e+00
    305.000     4.2077     4.1854  32.954580    35.0882    27.8367    -0.1256 0.0000e+00
    306.000     4.1914     4.1691  32.939473    35.0872    27.8376    -0.1256 0.0000e+00
    307.000     4.1916     4.1692  32.940249    35.0874    27.8378    -0.1030 0.0000e+00
    308.000     4.2001     4.1776  32.949620    35.0888    27.8381    -0.1046 0.0000e+00
    309.000     4.1911     4.1686  32.941734    35.0885    27.8388    -0.1161 0.0000e+00
    310.000     4.1674     4.1448  32.919296    35.0867    27.8399    -0.1189 0.0000e+00
    311.000     4.1599     4.1373  32.912171    35.0857    27.8399    -0.0994 0.0000e+00
    312.000     4.1307     4.1081  32.884265    35.0832    27.8410    -0.1095 0.0000e+00
    313.000     4.1199     4.0973  32.874371    35.0825    27.8416    -0.1065 0.0000e+00
    314.000     4.1204     4.0977  32.875378    35.0827    27.8417    -0.1232 0.0000e+00
    315.000     4.1141     4.0913  32.869815    35.0822    27.8420    -0.1255 0.0000e+00
    316.000     4.1076     4.0848  32.864559    35.0824    27.8428    -0.1195 0.0000e+00
    317.000     4.1014     4.0785  32.859257    35.0822    27.8433    -0.0997 0.0000e+00
    318.000     4.0931     4.0702  32.851934    35.0818    27.8439    -0.1079 0.0000e+00
    319.000     4.0830     4.0600  32.843303    35.0818    27.8450    -0.1072 0.0000e+00
    320.000     4.0764     4.0533  32.837298    35.0812    27.8453    -0.1209 0.0000e+00
    321.000     4.0697     4.0466  32.831256    35.0807    27.8455    -0.1182 0.0000e+00
    322.000     4.0720     4.0488  32.833993    35.0809    27.8455    -0.1093 0.0000e+00
    323.000     4.0801     4.0568  32.842731    35.0821    27.8455    -0.1260 0.0000e+00
    324.000     4.0840     4.0606  32.847065    35.0826    27.8456    -0.1256 0.0000e+00
    325.000     4.0830     4.0595  32.846564    35.0825    27.8456    -0.1174 0.0000e+00
    326.000     4.0835     4.0600  32.847825    35.0829    27.8459    -0.1116 0.0000e+00
    327.000     4.0851     4.0615  32.850186    35.0834    27.8461    -0.1084 0.0000e+00
    328.000     4.0883     4.0646  32.853638    35.0836    27.8460    -0.1166 0.0000e+00
    329.000     4.0883     4.0645  32.854337    35.0839    27.8462    -0.1198 0.0000e+00
    330.000     4.0867     4.0628  32.853534    35.0841    27.8466    -0.1209 0.0000e+00
    331.000     4.0833     4.0594  32.850758    35.0839    27.8468    -0.1102 0.0000e+00
    332.000     4.0760     4.0520  32.844552    35.0838    27.8475    -0.1246 0.0000e+00
    333.000     4.0703     4.0463  32.839657    35.0835    27.8478    -0.1270 0.0000e+00
    334.000     4.0671     4.0430  32.837077    35.0833    27.8480    -0.1078 0.0000e+00
    335.000     4.0657     4.0415  32.836204    35.0833    27.8481    -0.1178 0.0000e+00
    336.000     4.0636     4.0393  32.834770    35.0833    27.8484    -0.1019 0.0000e+00
    337.000     4.0589     4.0347  32.830763    35.0829    27.8486    -0.1012 0.0000e+00
    338.000     4.0556     4.0312  32.828209    35.0829    27.8489    -0.1235 0.0000e+00
    339.000     4.0578     4.0334  32.831108    35.0835    27.8491    -0.1257 0.0000e+00
    340.000     4.0587     4.0342  32.832456    35.0836    27.8492    -0.1023 0.0000e+00
    341.000     4.0584     4.0338  32.832782    35.0837    27.8493    -0.1287 0.0000e+00
    342.000     4.0567     4.0321  32.831626    35.0837    27.8494    -0.1018 0.0000e+00
    343.000     4.0579     4.0332  32.833391    35.0839    27.8495    -0.1051 0.0000e+00
    344.000     4.0600     4.0352  32.836154    35.0844    27.8497    -0.1200 0.0000e+00
    345.000     4.0603     4.0355  32.837093    35.0846    27.8499    -0.1033 0.0000e+00
    346.000     4.0566     4.0316  32.834151    35.0846    27.8502    -0.1068 0.0000e+00
    347.000     4.0449     4.0199  32.823401    35.0838    27.8508    -0.1272 0.0000e+00
    348.000     4.0223     3.9973  32.802086    35.0821    27.8518    -0.1228 0.0000e+00
    349.000     4.0153     3.9902  32.795754    35.0815    27.8521    -0.1011 0.0000e+00
    350.000     4.0106     3.9855  32.791932    35.0814    27.8525    -0.1231 0.0000e+00
    351.000     4.0093     3.9841  32.791138    35.0813    27.8526    -0.1216 0.0000e+00
    352.000     4.0081     3.9828  32.790403    35.0812    27.8527    -0.1025 0.0000e+00
    353.000     4.0015     3.9762  32.784949    35.0812    27.8534    -0.1238 0.0000e+00
    354.000     3.9800     3.9547  32.765789    35.0809    27.8553    -0.1018 0.0000e+00
    355.000     3.9753     3.9499  32.762919    35.0820    27.8568    -0.1098 0.0000e+00
    356.000     3.9764     3.9510  32.764739    35.0824    27.8569    -0.1284 0.0000e+00
    357.000     3.9728     3.9473  32.762158    35.0826    27.8575    -0.1127 0.0000e+00
    358.000     3.9716     3.9460  32.761566    35.0827    27.8577    -0.1064 0.0000e+00
    359.000     3.9717     3.9460  32.761819    35.0824    27.8575    -0.1183 0.0000e+00
    360.000     3.9708     3.9450  32.761460    35.0824    27.8575    -0.1050 0.0000e+00
    361.000     3.9706     3.9447  32.761602    35.0822    27.8575    -0.1009 0.0000e+00
    362.000     3.9694     3.9435  32.761085    35.0823    27.8577    -0.1044 0.0000e+00
