development/example_data/cnv/atwain_cruise/AT281.cnv
* Sea-Bird SBE 9 Data File:
* FileName = C:\ATWAIN_2017\hex\AT281.hex
* Software Version Seasave V 7.21b
* Temperature SN = 2400
* Conductivity SN = 3234
* Number of Bytes Per Scan = 34
* Number of Voltage Words = 4
* Number of Scans Averaged by the Deck Unit = 1
* NMEA baud rate = 4800
** ATWAIN 2017
** R/V Lance
** Sounding depth: 800
** Latitude: 80 24.7814
** Longitude: 008 42.8825
# nquan = 8
# nvalues = 800                         
# units = specified
# name 0 = prDM: Pressure, Digiquartz [db]
# name 1 = t090C: Temperature [ITS-90, deg C]
# name 2 = potemp090C: Potential Temperature [ITS-90, deg C]
# name 3 = c0mS/cm: Conductivity [mS/cm]
# name 4 = sal00: Salinity, Practical [PSU]
# name 5 = sigma-é00: Density [sigma-theta, kg/m^3]
# name 6 = flECO-AFL: Fluorescence, WET Labs ECO-AFL/FL [mg/m^3]
# name 7 = flag: flag
# span 0 =      2.000,    801.000       
# span 1 =    -0.3188,     5.7935       
# span 2 =    -0.3511,     5.7891       
# span 3 =  29.061377,  34.260708       
# span 4 =    33.4527,    35.1059       
# span 5 =    26.6771,    28.0543       
# span 6 =    -0.1361,     2.7559       
# span 7 = 0.0000e+00, 0.0000e+00       
# interval = decibars: 1                
# start_time = Sep 24 2017 12:29:30 [System UTC, first data scan.]
# bad_flag = -9.990e-29
*END*
      2.000     3.2752     3.2751  30.820622    33.6850    26.8111     2.5634 0.0000e+00
      3.000     2.6870     2.6869  30.127667    33.4527    26.6771     2.3080 0.0000e+00
      4.000     3.3896     3.3894  30.933342    33.6994    26.8113     2.6097 0.0000e+00
      5.000     3.3884     3.3881  30.938294    33.7060    26.8166     2.5488 0.0000e+00
      6.000     3.4321     3.4318  30.991482    33.7241    26.8269     2.6950 0.0000e+00
      7.000     3.4436     3.4432  31.000633    33.7225    26.8246     2.6384 0.0000e+00
      8.000     3.4195     3.4190  30.993567    33.7386    26.8397     2.6129 0.0000e+00
      9.000     3.6181     3.6176  31.212131    33.7939    26.8646     2.4685 0.0000e+00
     10.000     3.7815     3.7808  31.398701    33.8471    26.8911     2.7548 0.0000e+00
     11.000     3.8048     3.8041  31.468232    33.9051    26.9349     2.6232 0.0000e+00
     12.000     4.1344     4.1336  31.864407    34.0329    27.0029     2.6693 0.0000e+00
     13.000     4.2484     4.2475  32.013326    34.0903    27.0367     2.5170 0.0000e+00
     14.000     4.2480     4.2471  32.019953    34.0980    27.0429     2.4528 0.0000e+00
     15.000     4.2422     4.2412  32.024727    34.1091    27.0523     2.4400 0.0000e+00
     16.000     4.2153     4.2142  32.016169    34.1264    27.0689     2.5027 0.0000e+00
     17.000     4.1914     4.1903  32.000400    34.1320    27.0759     2.6852 0.0000e+00
     18.000     4.0067     4.0055  31.841060    34.1351    27.0976     2.4202 0.0000e+00
     19.000     4.3400     4.3387  32.234168    34.2516    27.1549     2.0385 0.0000e+00
     20.000     4.9259     4.9244  32.913028    34.4368    27.2373     2.0447 0.0000e+00
     21.000     5.3805     5.3788  33.449636    34.5853    27.3016     2.4324 0.0000e+00
     22.000     5.2337     5.2320  33.358176    34.6317    27.3559     2.7559 0.0000e+00
     23.000     5.0222     5.0205  33.181588    34.6469    27.3929     2.5977 0.0000e+00
     24.000     4.9127     4.9109  33.080113    34.6427    27.4022     2.4092 0.0000e+00
     25.000     4.7993     4.7974  32.986641    34.6518    27.4224     2.1513 0.0000e+00
     26.000     4.5699     4.5680  32.796369    34.6689    27.4617     1.8444 0.0000e+00
     27.000     4.3754     4.3735  32.616202    34.6610    27.4768     1.5496 0.0000e+00
     28.000     4.3333     4.3313  32.578784    34.6607    27.4811     1.4089 0.0000e+00
     29.000     4.3159     4.3139  32.567865    34.6656    27.4869     1.4102 0.0000e+00
     30.000     4.4081     4.4059  32.672573    34.6914    27.4974     1.3843 0.0000e+00
     31.000     4.5652     4.5629  32.837902    34.7199    27.5028     1.3406 0.0000e+00
     32.000     4.7844     4.7820  33.065938    34.7560    27.5069     1.1866 0.0000e+00
     33.000     4.9543     4.9518  33.251013    34.7929    27.5166     1.0848 0.0000e+00
     34.000     5.2156     5.2129  33.531040    34.8436    27.5262     0.9659 0.0000e+00
     35.000     5.2397     5.2370  33.562476    34.8541    27.5317     0.8356 0.0000e+00
     36.000     5.2041     5.2013  33.535455    34.8595    27.5403     0.7535 0.0000e+00
     37.000     5.1497     5.1468  33.488227    34.8613    27.5482     0.6607 0.0000e+00
     38.000     5.1589     5.1559  33.508089    34.8741    27.5572     0.6436 0.0000e+00
     39.000     5.2615     5.2584  33.617911    34.8932    27.5601     0.5464 0.0000e+00
     40.000     5.2664     5.2633  33.624907    34.8956    27.5614     0.4807 0.0000e+00
     41.000     5.2772     5.2740  33.638318    34.8992    27.5631     0.4953 0.0000e+00
     42.000     5.3385     5.3351  33.702539    34.9087    27.5632     0.4369 0.0000e+00
     43.000     5.3736     5.3701  33.740077    34.9147    27.5638     0.4044 0.0000e+00
     44.000     5.4453     5.4417  33.820670    34.9320    27.5687     0.4363 0.0000e+00
     45.000     5.6068     5.6031  34.004573    34.9738    27.5821     0.4918 0.0000e+00
     46.000     5.6406     5.6368  34.048468    34.9883    27.5893     0.3975 0.0000e+00
     47.000     5.6412     5.6373  34.051486    34.9905    27.5911     0.2614 0.0000e+00
     48.000     5.6427     5.6388  34.056189    34.9938    27.5934     0.2354 0.0000e+00
     49.000     5.6555     5.6515  34.072221    34.9982    27.5954     0.2282 0.0000e+00
     50.000     5.7105     5.7063  34.148225    35.0272    27.6115     0.2072 0.0000e+00
     51.000     5.7831     5.7789  34.243057    35.0592    27.6276     0.1540 0.0000e+00
     52.000     5.7798     5.7755  34.243947    35.0631    27.6312     0.0820 0.0000e+00
     53.000     5.7935     5.7891  34.260708    35.0674    27.6329     0.0015 0.0000e+00
     54.000     5.7815     5.7770  34.248866    35.0659    27.6332    -0.0083 0.0000e+00
     55.000     5.6190     5.6145  34.090676    35.0542    27.6443     0.0087 0.0000e+00
     56.000     5.7037     5.6991  34.184166    35.0721    27.6479    -0.0052 0.0000e+00
     57.000     5.7655     5.7608  34.251842    35.0843    27.6498    -0.0342 0.0000e+00
     58.000     5.7652     5.7603  34.254956    35.0877    27.6526    -0.0290 0.0000e+00
     59.000     5.6621     5.6573  34.155676    35.0813    27.6604    -0.0216 0.0000e+00
     60.000     5.5796     5.5747  34.078463    35.0788    27.6687    -0.0379 0.0000e+00
     61.000     5.5716     5.5666  34.070556    35.0775    27.6687    -0.0333 0.0000e+00
     62.000     5.5564     5.5513  34.056517    35.0768    27.6699    -0.0354 0.0000e+00
     63.000     5.5498     5.5447  34.050665    35.0765    27.6705    -0.0138 0.0000e+00
     64.000     5.5382     5.5329  34.039374    35.0752    27.6709    -0.0268 0.0000e+00
     65.000     5.4743     5.4690  33.977094    35.0700    27.6747    -0.0355 0.0000e+00
     66.000     5.3414     5.3361  33.845993    35.0579    27.6813    -0.0675 0.0000e+00
     67.000     5.2364     5.2311  33.743251    35.0491    27.6869    -0.0712 0.0000e+00
     68.000     5.2012     5.1959  33.707942    35.0447    27.6876    -0.0633 0.0000e+00
     69.000     5.1378     5.1324  33.648049    35.0415    27.6927    -0.0560 0.0000e+00
     70.000     5.1318     5.1263  33.643099    35.0416    27.6935    -0.0430 0.0000e+00
     71.000     5.1371     5.1315  33.648673    35.0420    27.6931    -0.0374 0.0000e+00
     72.000     5.1424     5.1367  33.655491    35.0437    27.6939    -0.0290 0.0000e+00
     73.000     5.1589     5.1531  33.673455    35.0467    27.6943    -0.0068 0.0000e+00
     74.000     5.1647     5.1589  33.681780    35.0496    27.6960    -0.0389 0.0000e+00
     75.000     5.2201     5.2142  33.746742    35.0660    27.7023    -0.0672 0.0000e+00
     76.000     5.2314     5.2254  33.760342    35.0693    27.7036    -0.0579 0.0000e+00
     77.000     5.1629     5.1568  33.698069    35.0688    27.7114    -0.0714 0.0000e+00
     78.000     5.1426     5.1365  33.678295    35.0666    27.7121    -0.0696 0.0000e+00
     79.000     5.0157     5.0096  33.548814    35.0496    27.7135    -0.0669 0.0000e+00
     80.000     4.8077     4.8016  33.347373    35.0341    27.7253    -0.0703 0.0000e+00
     81.000     4.7847     4.7785  33.324936    35.0316    27.7260    -0.0707 0.0000e+00
     82.000     4.7517     4.7455  33.290982    35.0263    27.7255    -0.0708 0.0000e+00
     83.000     4.6301     4.6239  33.173920    35.0174    27.7323    -0.0732 0.0000e+00
     84.000     4.6328     4.6266  33.177462    35.0181    27.7325    -0.0679 0.0000e+00
     85.000     4.7161     4.7097  33.264876    35.0318    27.7339    -0.0678 0.0000e+00
     86.000     4.8204     4.8138  33.373070    35.0474    27.7345    -0.0690 0.0000e+00
     87.000     4.8867     4.8800  33.441263    35.0564    27.7340    -0.0677 0.0000e+00
     88.000     4.8945     4.8877  33.449951    35.0577    27.7342    -0.0708 0.0000e+00
     89.000     4.8421     4.8353  33.397470    35.0513    27.7351    -0.0694 0.0000e+00
     90.000     4.7669     4.7601  33.325269    35.0459    27.7395    -0.0739 0.0000e+00
     91.000     4.7154     4.7085  33.273125    35.0389    27.7398    -0.0623 0.0000e+00
     92.000     4.5177     4.5109  33.075996    35.0167    27.7443    -0.0715 0.0000e+00
     93.000     4.3628     4.3561  32.926643    35.0046    27.7518    -0.0697 0.0000e+00
     94.000     4.3601     4.3532  32.924195    35.0042    27.7517    -0.0697 0.0000e+00
     95.000     4.3896     4.3827  32.952849    35.0061    27.7500    -0.0685 0.0000e+00
     96.000     4.4417     4.4347  33.007480    35.0145    27.7510    -0.0717 0.0000e+00
     97.000     4.6102     4.6029  33.184988    35.0439    27.7556    -0.0682 0.0000e+00
     98.000     4.6898     4.6824  33.265872    35.0538    27.7545    -0.0764 0.0000e+00
     99.000     4.7024     4.6950  33.280549    35.0571    27.7557    -0.0704 0.0000e+00
    100.000     4.6975     4.6899  33.276902    35.0575    27.7566    -0.0691 0.0000e+00
    101.000     4.7067     4.6991  33.287121    35.0591    27.7569    -0.0681 0.0000e+00
    102.000     4.7058     4.6981  33.286820    35.0592    27.7571    -0.0682 0.0000e+00
    103.000     4.7061     4.6984  33.287859    35.0595    27.7573    -0.0734 0.0000e+00
    104.000     4.7176     4.7098  33.300896    35.0621    27.7580    -0.0727 0.0000e+00
    105.000     4.7806     4.7726  33.368455    35.0739    27.7602    -0.0981 0.0000e+00
    106.000     4.8741     4.8660  33.467914    35.0905    27.7627    -0.0757 0.0000e+00
    107.000     4.8423     4.8341  33.437463    35.0881    27.7645    -0.0767 0.0000e+00
    108.000     4.8165     4.8082  33.414002    35.0875    27.7669    -0.1046 0.0000e+00
    109.000     4.8126     4.8043  33.411221    35.0878    27.7676    -0.1057 0.0000e+00
    110.000     4.8160     4.8076  33.415770    35.0890    27.7682    -0.0958 0.0000e+00
    111.000     4.8528     4.8443  33.455479    35.0958    27.7694    -0.0972 0.0000e+00
    112.000     4.8395     4.8309  33.444385    35.0964    27.7714    -0.0842 0.0000e+00
    113.000     4.8039     4.7953  33.412511    35.0964    27.7755    -0.1037 0.0000e+00
    114.000     4.7984     4.7897  33.407812    35.0962    27.7760    -0.1044 0.0000e+00
    115.000     4.7966     4.7878  33.406735    35.0963    27.7763    -0.1036 0.0000e+00
    116.000     4.7936     4.7848  33.404366    35.0961    27.7764    -0.1033 0.0000e+00
    117.000     4.7815     4.7726  33.393260    35.0954    27.7773    -0.1101 0.0000e+00
    118.000     4.7779     4.7689  33.390116    35.0950    27.7774    -0.1056 0.0000e+00
    119.000     4.7600     4.7510  33.374016    35.0946    27.7791    -0.1051 0.0000e+00
    120.000     4.7610     4.7518  33.376414    35.0959    27.7800    -0.1025 0.0000e+00
    121.000     4.7715     4.7623  33.386222    35.0956    27.7786    -0.1028 0.0000e+00
    122.000     4.7900     4.7807  33.408221    35.1013    27.7810    -0.1096 0.0000e+00
    123.000     4.8220     4.8125  33.441101    35.1052    27.7805    -0.1134 0.0000e+00
    124.000     4.8268     4.8173  33.446303    35.1057    27.7803    -0.1271 0.0000e+00
    125.000     4.8205     4.8110  33.441294    35.1059    27.7812    -0.1123 0.0000e+00
    126.000     4.7946     4.7849  33.417717    35.1053    27.7838    -0.1070 0.0000e+00
    127.000     4.7856     4.7759  33.410394    35.1058    27.7851    -0.1061 0.0000e+00
    128.000     4.7722     4.7625  33.398677    35.1056    27.7866    -0.1034 0.0000e+00
    129.000     4.7549     4.7451  33.382431    35.1045    27.7876    -0.1029 0.0000e+00
    130.000     4.7040     4.6941  33.332096    35.0990    27.7891    -0.1052 0.0000e+00
    131.000     4.6723     4.6625  33.301116    35.0958    27.7901    -0.1090 0.0000e+00
    132.000     4.6772     4.6673  33.305860    35.0956    27.7894    -0.1029 0.0000e+00
    133.000     4.6619     4.6519  33.291012    35.0939    27.7899    -0.1060 0.0000e+00
    134.000     4.6575     4.6474  33.286838    35.0932    27.7897    -0.1081 0.0000e+00
    135.000     4.6498     4.6396  33.279212    35.0919    27.7896    -0.1041 0.0000e+00
    136.000     4.6411     4.6309  33.271002    35.0909    27.7898    -0.1050 0.0000e+00
    137.000     4.6359     4.6256  33.266049    35.0901    27.7897    -0.1070 0.0000e+00
    138.000     4.6346     4.6242  33.265015    35.0897    27.7896    -0.1067 0.0000e+00
    139.000     4.6322     4.6218  33.262979    35.0894    27.7896    -0.1054 0.0000e+00
    140.000     4.6277     4.6172  33.258865    35.0887    27.7896    -0.1023 0.0000e+00
    141.000     4.6255     4.6149  33.256997    35.0884    27.7896    -0.1011 0.0000e+00
    142.000     4.6198     4.6092  33.252053    35.0881    27.7900    -0.1249 0.0000e+00
    143.000     4.6061     4.5954  33.240664    35.0887    27.7920    -0.1093 0.0000e+00
    144.000     4.6008     4.5900  33.236284    35.0887    27.7926    -0.1111 0.0000e+00
    145.000     4.5951     4.5843  33.231374    35.0884    27.7931    -0.0988 0.0000e+00
    146.000     4.5928     4.5819  33.229578    35.0882    27.7932    -0.1049 0.0000e+00
    147.000     4.5868     4.5758  33.224430    35.0880    27.7937    -0.1034 0.0000e+00
    148.000     4.5796     4.5685  33.217827    35.0874    27.7940    -0.1172 0.0000e+00
    149.000     4.5645     4.5534  33.203763    35.0863    27.7948    -0.1064 0.0000e+00
    150.000     4.5523     4.5411  33.193068    35.0862    27.7961    -0.1037 0.0000e+00
    151.000     4.5506     4.5394  33.193334    35.0877    27.7975    -0.1009 0.0000e+00
    152.000     4.5710     4.5596  33.215181    35.0913    27.7981    -0.1098 0.0000e+00
    153.000     4.5713     4.5599  33.216262    35.0916    27.7983    -0.1135 0.0000e+00
    154.000     4.5662     4.5547  33.212280    35.0918    27.7991    -0.1090 0.0000e+00
    155.000     4.5702     4.5586  33.217676    35.0934    27.7999    -0.1071 0.0000e+00
    156.000     4.5668     4.5551  33.216042    35.0945    27.8012    -0.1095 0.0000e+00
    157.000     4.5549     4.5432  33.206009    35.0948    27.8028    -0.1226 0.0000e+00
    158.000     4.5481     4.5364  33.200291    35.0948    27.8035    -0.1078 0.0000e+00
    159.000     4.5503     4.5384  33.201965    35.0940    27.8026    -0.1047 0.0000e+00
    160.000     4.5252     4.5133  33.178922    35.0930    27.8046    -0.1036 0.0000e+00
    161.000     4.5137     4.5018  33.167843    35.0916    27.8048    -0.1036 0.0000e+00
    162.000     4.4917     4.4797  33.147625    35.0906    27.8065    -0.1074 0.0000e+00
    163.000     4.4939     4.4818  33.149975    35.0906    27.8062    -0.1120 0.0000e+00
    164.000     4.4868     4.4746  33.144062    35.0906    27.8071    -0.1038 0.0000e+00
    165.000     4.5012     4.4889  33.160178    35.0938    27.8080    -0.1075 0.0000e+00
    166.000     4.5058     4.4935  33.166329    35.0955    27.8089    -0.1065 0.0000e+00
    167.000     4.5023     4.4899  33.163802    35.0958    27.8095    -0.1135 0.0000e+00
    168.000     4.4821     4.4696  33.145851    35.0956    27.8116    -0.1036 0.0000e+00
    169.000     4.4768     4.4643  33.141307    35.0953    27.8120    -0.1235 0.0000e+00
    170.000     4.4744     4.4617  33.139658    35.0954    27.8123    -0.1166 0.0000e+00
    171.000     4.4720     4.4593  33.137659    35.0951    27.8123    -0.1211 0.0000e+00
    172.000     4.4722     4.4594  33.138291    35.0950    27.8123    -0.1165 0.0000e+00
    173.000     4.4702     4.4574  33.136838    35.0949    27.8123    -0.1134 0.0000e+00
    174.000     4.4553     4.4424  33.123492    35.0945    27.8137    -0.1056 0.0000e+00
    175.000     4.4488     4.4358  33.118272    35.0948    27.8146    -0.1094 0.0000e+00
    176.000     4.4482     4.4352  33.118663    35.0953    27.8151    -0.1143 0.0000e+00
    177.000     4.4460     4.4329  33.117258    35.0955    27.8155    -0.1065 0.0000e+00
    178.000     4.4439     4.4307  33.115799    35.0954    27.8158    -0.1020 0.0000e+00
    179.000     4.4412     4.4280  33.114043    35.0957    27.8163    -0.1075 0.0000e+00
    180.000     4.4332     4.4199  33.106901    35.0953    27.8168    -0.1082 0.0000e+00
