development/example_data/cnv/atwain_cruise/AT282.cnv
* Sea-Bird SBE 9 Data File:
* FileName = C:\ATWAIN_2017\hex\AT282.hex
* Software Version Seasave V 7.21b
* Temperature SN = 2400
* Conductivity SN = 3234
* Number of Bytes Per Scan = 34
* Number of Voltage Words = 4
* Number of Scans Averaged by the Deck Unit = 1
* NMEA baud rate = 4800
** ATWAIN 2017
** R/V Lance
** Sounding depth: 708
** Latitude: 80 22.5009
** Longitude: 008 47.9430
# nquan = 8
# nvalues = 698                         
# units = specified
# name 0 = prDM: Pressure, Digiquartz [db]
# name 1 = t090C: Temperature [ITS-90, deg C]
# name 2 = potemp090C: Potential Temperature [ITS-90, deg C]
# name 3 = c0mS/cm: Conductivity [mS/cm]
# name 4 = sal00: Salinity, Practical [PSU]
# name 5 = sigma-é00: Density [sigma-theta, kg/m^3]
# name 6 = flECO-AFL: Fluorescence, WET Labs ECO-AFL/FL [mg/m^3]
# name 7 = flag: flag
# span 0 =      3.000,    700.000       
# span 1 =     0.9800,     6.8338       
# span 2 =     0.9450,     6.8292       
# span 3 =  30.165767,  35.190357       
# span 4 =    33.7872,    35.1182       
# span 5 =    26.8594,    28.0106       
# span 6 =    -0.1310,     3.6553       
# span 7 = 0.0000e+00, 0.0000e+00       
# interval = decibars: 1                
# start_time = Sep 24 2017 13:41:09 [System UTC, first data scan.]
# bad_flag = -9.990e-29
*END*
      3.000     3.6183     3.6181  31.203855    33.7872    26.8594     2.9452 0.0000e+00
      4.000     3.7944     3.7941  31.407499    33.8472    26.8898     2.8331 0.0000e+00
      5.000     3.7685     3.7682  31.379858    33.8407    26.8872     3.0604 0.0000e+00
      6.000     4.0039     4.0035  31.655016    33.9235    26.9294     2.8863 0.0000e+00
      7.000     4.0289     4.0284  31.695237    33.9449    26.9439     3.0022 0.0000e+00
      8.000     4.0493     4.0488  31.723307    33.9564    26.9510     3.2555 0.0000e+00
      9.000     4.0915     4.0909  31.772215    33.9701    26.9575     2.9810 0.0000e+00
     10.000     4.1340     4.1333  31.821005    33.9833    26.9636     3.1427 0.0000e+00
     11.000     4.1651     4.1644  31.854808    33.9905    26.9661     3.3348 0.0000e+00
     12.000     4.1687     4.1679  31.859448    33.9917    26.9667     3.2643 0.0000e+00
     13.000     4.1789     4.1780  31.871157    33.9945    26.9679     3.1283 0.0000e+00
     14.000     4.1919     4.1909  31.886279    33.9983    26.9696     3.6553 0.0000e+00
     15.000     4.1947     4.1936  31.890096    33.9994    26.9702     3.3074 0.0000e+00
     16.000     4.2066     4.2055  31.904018    34.0030    26.9718     2.9488 0.0000e+00
     17.000     4.2133     4.2121  31.912151    34.0051    26.9728     3.0216 0.0000e+00
     18.000     4.2268     4.2256  31.927703    34.0089    26.9744     3.2273 0.0000e+00
     19.000     4.2464     4.2451  31.951424    34.0161    26.9781     3.2800 0.0000e+00
     20.000     4.2902     4.2888  32.003223    34.0313    26.9855     3.2363 0.0000e+00
     21.000     4.3230     4.3216  32.042786    34.0434    26.9917     3.3509 0.0000e+00
     22.000     4.3432     4.3417  32.067240    34.0508    26.9954     3.0499 0.0000e+00
     23.000     4.4012     4.3996  32.138264    34.0737    27.0074     3.1427 0.0000e+00
     24.000     4.5509     4.5492  32.315166    34.1259    27.0327     3.2109 0.0000e+00
     25.000     4.8416     4.8397  32.679312    34.2496    27.0983     3.3135 0.0000e+00
     26.000     5.2904     5.2883  33.241614    34.4367    27.1948     2.8126 0.0000e+00
     27.000     5.5959     5.5938  33.610959    34.5449    27.2437     2.4389 0.0000e+00
     28.000     5.7624     5.7601  33.812564    34.6030    27.2692     2.0307 0.0000e+00
     29.000     5.8418     5.8394  33.904419    34.6253    27.2769     1.8975 0.0000e+00
     30.000     5.8703     5.8678  33.945358    34.6420    27.2865     1.6609 0.0000e+00
     31.000     6.0053     6.0026  34.115803    34.6959    27.3120     1.5646 0.0000e+00
     32.000     6.1211     6.1184  34.269141    34.7496    27.3396     1.5183 0.0000e+00
     33.000     6.0985     6.0957  34.258272    34.7600    27.3508     1.4187 0.0000e+00
     34.000     6.1401     6.1372  34.324813    34.7917    27.3704     1.4149 0.0000e+00
     35.000     6.2744     6.2714  34.480341    34.8284    27.3820     1.5190 0.0000e+00
     36.000     6.2433     6.2402  34.468349    34.8464    27.4003     1.3205 0.0000e+00
     37.000     6.2739     6.2707  34.519116    34.8714    27.4161     1.2168 0.0000e+00
     38.000     6.2865     6.2832  34.535975    34.8769    27.4188     1.1872 0.0000e+00
     39.000     6.3122     6.3088  34.567849    34.8858    27.4224     1.1871 0.0000e+00
     40.000     6.3424     6.3389  34.602664    34.8934    27.4244     1.2444 0.0000e+00
     41.000     6.3714     6.3678  34.637691    34.9023    27.4277     1.2535 0.0000e+00
     42.000     6.4196     6.4159  34.693925    34.9154    27.4317     1.2550 0.0000e+00
     43.000     6.5313     6.5275  34.821254    34.9427    27.4383     1.1893 0.0000e+00
     44.000     6.5825     6.5786  34.879665    34.9549    27.4411     1.0915 0.0000e+00
     45.000     6.6239     6.6199  34.928981    34.9670    27.4450     0.9505 0.0000e+00
     46.000     6.6515     6.6474  34.961375    34.9742    27.4470     1.0572 0.0000e+00
     47.000     6.7305     6.7262  35.054091    34.9960    27.4535     1.0617 0.0000e+00
     48.000     6.7885     6.7841  35.123866    35.0137    27.4595     0.9719 0.0000e+00
     49.000     6.8247     6.8203  35.170611    35.0280    27.4658     0.8627 0.0000e+00
     50.000     6.8338     6.8292  35.190357    35.0401    27.4741     0.8481 0.0000e+00
     51.000     6.7653     6.7606  35.142450    35.0565    27.4965     0.8257 0.0000e+00
     52.000     6.6771     6.6724  35.069215    35.0650    27.5152     0.7145 0.0000e+00
     53.000     6.6714     6.6667  35.065604    35.0662    27.5170     0.5457 0.0000e+00
     54.000     6.6590     6.6542  35.054790    35.0664    27.5188     0.4605 0.0000e+00
     55.000     6.6410     6.6360  35.038482    35.0663    27.5212     0.4680 0.0000e+00
     56.000     6.6129     6.6079  35.012331    35.0654    27.5243     0.4104 0.0000e+00
     57.000     6.5460     6.5410  34.948234    35.0621    27.5307     0.3648 0.0000e+00
     58.000     6.4980     6.4928  34.902414    35.0598    27.5354     0.3437 0.0000e+00
     59.000     6.4473     6.4420  34.858685    35.0626    27.5443     0.3560 0.0000e+00
     60.000     6.4572     6.4518  34.871228    35.0659    27.5457     0.3278 0.0000e+00
     61.000     6.4750     6.4696  34.904049    35.0837    27.5573     0.3059 0.0000e+00
     62.000     6.4579     6.4524  34.892664    35.0881    27.5631     0.3491 0.0000e+00
     63.000     6.4032     6.3976  34.845977    35.0917    27.5732     0.2469 0.0000e+00
     64.000     6.3647     6.3591  34.812856    35.0937    27.5799     0.1900 0.0000e+00
     65.000     6.3559     6.3502  34.805090    35.0936    27.5810     0.1967 0.0000e+00
     66.000     6.3471     6.3413  34.797217    35.0933    27.5820     0.1674 0.0000e+00
     67.000     6.3426     6.3367  34.793139    35.0929    27.5823     0.1233 0.0000e+00
     68.000     6.3425     6.3366  34.793276    35.0925    27.5820     0.1090 0.0000e+00
     69.000     6.3397     6.3337  34.790949    35.0923    27.5822     0.1497 0.0000e+00
     70.000     6.3363     6.3301  34.788206    35.0923    27.5826     0.1499 0.0000e+00
     71.000     6.3302     6.3240  34.783255    35.0925    27.5836     0.1265 0.0000e+00
     72.000     6.3214     6.3150  34.775974    35.0929    27.5852     0.1449 0.0000e+00
     73.000     6.3040     6.2976  34.761043    35.0935    27.5879     0.1416 0.0000e+00
     74.000     6.2858     6.2793  34.745889    35.0948    27.5914     0.1096 0.0000e+00
     75.000     6.2766     6.2700  34.738080    35.0950    27.5928     0.0860 0.0000e+00
     76.000     6.2568     6.2501  34.721136    35.0960    27.5961     0.0435 0.0000e+00
     77.000     6.2323     6.2256  34.700660    35.0977    27.6007     0.0495 0.0000e+00
     78.000     6.1984     6.1916  34.671795    35.0998    27.6068     0.0561 0.0000e+00
     79.000     6.1436     6.1368  34.626228    35.1046    27.6177     0.0335 0.0000e+00
     80.000     6.0956     6.0887  34.586046    35.1084    27.6270    -0.0055 0.0000e+00
     81.000     6.0719     6.0649  34.564927    35.1087    27.6303    -0.0161 0.0000e+00
     82.000     6.0555     6.0485  34.550583    35.1088    27.6325    -0.0513 0.0000e+00
     83.000     6.0308     6.0237  34.528129    35.1086    27.6356    -0.0680 0.0000e+00
     84.000     6.0103     6.0032  34.509476    35.1082    27.6379    -0.0685 0.0000e+00
     85.000     5.9618     5.9546  34.463482    35.1060    27.6424    -0.0679 0.0000e+00
     86.000     5.9598     5.9525  34.462035    35.1059    27.6426    -0.0670 0.0000e+00
     87.000     5.9564     5.9490  34.458721    35.1052    27.6425    -0.0697 0.0000e+00
     88.000     5.9124     5.9049  34.418485    35.1048    27.6477    -0.0715 0.0000e+00
     89.000     5.8584     5.8509  34.370199    35.1055    27.6552    -0.0685 0.0000e+00
     90.000     5.8371     5.8295  34.350970    35.1053    27.6578    -0.0678 0.0000e+00
     91.000     5.8175     5.8099  34.333831    35.1057    27.6606    -0.0679 0.0000e+00
     92.000     5.8071     5.7993  34.324496    35.1054    27.6617    -0.0677 0.0000e+00
     93.000     5.7858     5.7780  34.306477    35.1065    27.6652    -0.0707 0.0000e+00
     94.000     5.7629     5.7550  34.286689    35.1074    27.6688    -0.0679 0.0000e+00
     95.000     5.7552     5.7473  34.280929    35.1083    27.6705    -0.0895 0.0000e+00
     96.000     5.7512     5.7432  34.278121    35.1088    27.6714    -0.0720 0.0000e+00
     97.000     5.7479     5.7398  34.275943    35.1092    27.6722    -0.0705 0.0000e+00
     98.000     5.7214     5.7132  34.255110    35.1126    27.6781    -0.0784 0.0000e+00
     99.000     5.7030     5.6947  34.241169    35.1153    27.6827    -0.0658 0.0000e+00
    100.000     5.6727     5.6644  34.214166    35.1156    27.6867    -0.0936 0.0000e+00
    101.000     5.6470     5.6386  34.192330    35.1170    27.6910    -0.1000 0.0000e+00
    102.000     5.6353     5.6268  34.183139    35.1182    27.6934    -0.1017 0.0000e+00
    103.000     5.6254     5.6169  34.174481    35.1180    27.6945    -0.1031 0.0000e+00
    104.000     5.6103     5.6017  34.160305    35.1171    27.6957    -0.0995 0.0000e+00
    105.000     5.5862     5.5776  34.137075    35.1152    27.6971    -0.1019 0.0000e+00
    106.000     5.5607     5.5520  34.112568    35.1133    27.6988    -0.0994 0.0000e+00
    107.000     5.5424     5.5336  34.096352    35.1134    27.7011    -0.0985 0.0000e+00
    108.000     5.5349     5.5260  34.089588    35.1130    27.7017    -0.0982 0.0000e+00
    109.000     5.5123     5.5034  34.070228    35.1138    27.7052    -0.0868 0.0000e+00
    110.000     5.5016     5.4926  34.060661    35.1136    27.7063    -0.0764 0.0000e+00
    111.000     5.4742     5.4651  34.037059    35.1146    27.7105    -0.0843 0.0000e+00
    112.000     5.4547     5.4455  34.019589    35.1145    27.7128    -0.0778 0.0000e+00
    113.000     5.4427     5.4335  34.008580    35.1139    27.7138    -0.0885 0.0000e+00
    114.000     5.4136     5.4043  33.982044    35.1134    27.7169    -0.0790 0.0000e+00
    115.000     5.3840     5.3746  33.955150    35.1130    27.7203    -0.0991 0.0000e+00
    116.000     5.3775     5.3682  33.948981    35.1121    27.7204    -0.0858 0.0000e+00
    117.000     5.3695     5.3600  33.941591    35.1115    27.7209    -0.0690 0.0000e+00
    118.000     5.3452     5.3357  33.919451    35.1110    27.7234    -0.0959 0.0000e+00
    119.000     5.3203     5.3108  33.896807    35.1105    27.7260    -0.1009 0.0000e+00
    120.000     5.2842     5.2746  33.864463    35.1106    27.7305    -0.1018 0.0000e+00
    121.000     5.2671     5.2574  33.850194    35.1116    27.7333    -0.1001 0.0000e+00
    122.000     5.2509     5.2412  33.834831    35.1104    27.7343    -0.0823 0.0000e+00
    123.000     5.2205     5.2107  33.806860    35.1095    27.7372    -0.0873 0.0000e+00
    124.000     5.2010     5.1912  33.790190    35.1102    27.7401    -0.0984 0.0000e+00
    125.000     5.1980     5.1880  33.788678    35.1111    27.7412    -0.1034 0.0000e+00
    126.000     5.1825     5.1725  33.776649    35.1130    27.7446    -0.1005 0.0000e+00
    127.000     5.1509     5.1408  33.748755    35.1135    27.7487    -0.1017 0.0000e+00
    128.000     5.1227     5.1126  33.725034    35.1151    27.7533    -0.1015 0.0000e+00
    129.000     5.1191     5.1089  33.722257    35.1152    27.7539    -0.0992 0.0000e+00
    130.000     5.1127     5.1025  33.717119    35.1154    27.7548    -0.1012 0.0000e+00
    131.000     5.1042     5.0939  33.710056    35.1157    27.7560    -0.1002 0.0000e+00
    132.000     5.1002     5.0898  33.706806    35.1156    27.7564    -0.1054 0.0000e+00
    133.000     5.0921     5.0817  33.699844    35.1155    27.7573    -0.1021 0.0000e+00
    134.000     5.0789     5.0684  33.687853    35.1150    27.7585    -0.0981 0.0000e+00
    135.000     5.0634     5.0528  33.674165    35.1150    27.7603    -0.1029 0.0000e+00
    136.000     5.0522     5.0416  33.664674    35.1152    27.7618    -0.1041 0.0000e+00
    137.000     5.0425     5.0318  33.656519    35.1154    27.7631    -0.1054 0.0000e+00
    138.000     5.0374     5.0266  33.652087    35.1152    27.7636    -0.1025 0.0000e+00
    139.000     5.0339     5.0230  33.649265    35.1150    27.7638    -0.1018 0.0000e+00
    140.000     5.0304     5.0194  33.646609    35.1151    27.7643    -0.1062 0.0000e+00
    141.000     5.0249     5.0139  33.641994    35.1150    27.7649    -0.1036 0.0000e+00
    142.000     5.0134     5.0023  33.632128    35.1151    27.7663    -0.1117 0.0000e+00
    143.000     4.9881     4.9770  33.608833    35.1142    27.7686    -0.1170 0.0000e+00
    144.000     4.9805     4.9693  33.602058    35.1139    27.7693    -0.1067 0.0000e+00
    145.000     4.9767     4.9654  33.598774    35.1136    27.7695    -0.1034 0.0000e+00
    146.000     4.9582     4.9468  33.582090    35.1132    27.7713    -0.1013 0.0000e+00
    147.000     4.9454     4.9340  33.570476    35.1126    27.7723    -0.1066 0.0000e+00
    148.000     4.9311     4.9196  33.558010    35.1127    27.7741    -0.1051 0.0000e+00
    149.000     4.9244     4.9129  33.551915    35.1121    27.7744    -0.1033 0.0000e+00
    150.000     4.9219     4.9103  33.549816    35.1118    27.7745    -0.1040 0.0000e+00
    151.000     4.9197     4.9080  33.548055    35.1115    27.7745    -0.1025 0.0000e+00
    152.000     4.9169     4.9051  33.545752    35.1113    27.7747    -0.1022 0.0000e+00
    153.000     4.9132     4.9013  33.542420    35.1108    27.7747    -0.1032 0.0000e+00
    154.000     4.8836     4.8717  33.514667    35.1092    27.7769    -0.1046 0.0000e+00
    155.000     4.8694     4.8575  33.501246    35.1080    27.7776    -0.1020 0.0000e+00
    156.000     4.8588     4.8468  33.491355    35.1072    27.7781    -0.1158 0.0000e+00
    157.000     4.8505     4.8384  33.483733    35.1066    27.7786    -0.1062 0.0000e+00
    158.000     4.8337     4.8215  33.468514    35.1061    27.7802    -0.1067 0.0000e+00
    159.000     4.8298     4.8176  33.465398    35.1060    27.7806    -0.1012 0.0000e+00
    160.000     4.8286     4.8163  33.464490    35.1057    27.7805    -0.1036 0.0000e+00
    161.000     4.8101     4.7977  33.447983    35.1055    27.7824    -0.1036 0.0000e+00
    162.000     4.8018     4.7894  33.441118    35.1057    27.7836    -0.1166 0.0000e+00
    163.000     4.7731     4.7607  33.414345    35.1043    27.7857    -0.1072 0.0000e+00
    164.000     4.7654     4.7529  33.407348    35.1037    27.7862    -0.0999 0.0000e+00
    165.000     4.7608     4.7482  33.403425    35.1035    27.7865    -0.1086 0.0000e+00
    166.000     4.7264     4.7138  33.371370    35.1019    27.7892    -0.1153 0.0000e+00
    167.000     4.7038     4.6911  33.350529    35.1009    27.7910    -0.1031 0.0000e+00
    168.000     4.6933     4.6805  33.339947    35.0992    27.7908    -0.1026 0.0000e+00
    169.000     4.6874     4.6746  33.334635    35.0986    27.7910    -0.1030 0.0000e+00
    170.000     4.6654     4.6526  33.313452    35.0966    27.7919    -0.1075 0.0000e+00
    171.000     4.6327     4.6198  33.282070    35.0940    27.7935    -0.1038 0.0000e+00
    172.000     4.6093     4.5964  33.260363    35.0928    27.7952    -0.1034 0.0000e+00
    173.000     4.5972     4.5842  33.248784    35.0916    27.7956    -0.0971 0.0000e+00
    174.000     4.5830     4.5700  33.235783    35.0908    27.7966    -0.0981 0.0000e+00
    175.000     4.5752     4.5621  33.228154    35.0896    27.7965    -0.1096 0.0000e+00
    176.000     4.5697     4.5565  33.223537    35.0895    27.7971    -0.1258 0.0000e+00
    177.000     4.5660     4.5527  33.220148    35.0889    27.7970    -0.1226 0.0000e+00
    178.000     4.5611     4.5478  33.216012    35.0887    27.7974    -0.1054 0.0000e+00
    179.000     4.5576     4.5442  33.213029    35.0884    27.7976    -0.1008 0.0000e+00
    180.000     4.5529     4.5394  33.208746    35.0878    27.7976    -0.0988 0.0000e+00
    181.000     4.5446     4.5311  33.201210    35.0873    27.7981    -0.1189 0.0000e+00
