development/example_data/cnv/atwain_cruise/AT281.cnv
* Sea-Bird SBE 9 Data File:
* FileName = C:\ATWAIN_2017\hex\AT281.hex
* Software Version Seasave V 7.21b
* Temperature SN = 2400
* Conductivity SN = 3234
* Number of Bytes Per Scan = 34
* Number of Voltage Words = 4
* Number of Scans Averaged by the Deck Unit = 1
* NMEA baud rate = 4800
** ATWAIN 2017
** R/V Lance
** Sounding depth: 800
** Latitude: 80 24.7814
** Longitude: 008 42.8825
# nquan = 8
# nvalues = 800                         
# units = specified
# name 0 = prDM: Pressure, Digiquartz [db]
# name 1 = t090C: Temperature [ITS-90, deg C]
# name 2 = potemp090C: Potential Temperature [ITS-90, deg C]
# name 3 = c0mS/cm: Conductivity [mS/cm]
# name 4 = sal00: Salinity, Practical [PSU]
# name 5 = sigma-é00: Density [sigma-theta, kg/m^3]
# name 6 = flECO-AFL: Fluorescence, WET Labs ECO-AFL/FL [mg/m^3]
# name 7 = flag: flag
# span 0 =      2.000,    801.000       
# span 1 =    -0.3188,     5.7935       
# span 2 =    -0.3511,     5.7891       
# span 3 =  29.061377,  34.260708       
# span 4 =    33.4527,    35.1059       
# span 5 =    26.6771,    28.0543       
# span 6 =    -0.1361,     2.7559       
# span 7 = 0.0000e+00, 0.0000e+00       
# interval = decibars: 1                
# start_time = Sep 24 2017 12:29:30 [System UTC, first data scan.]
# bad_flag = -9.990e-29
*END*
[from data line 360]
    362.000     3.4951     3.4706  32.317817    35.0605    27.8884    -0.1077 0.0000e+00
    363.000     3.4739     3.4494  32.297572    35.0584    27.8888    -0.1015 0.0000e+00
    364.000     3.4496     3.4250  32.275531    35.0575    27.8905    -0.1164 0.0000e+00
    365.000     3.4475     3.4230  32.274043    35.0574    27.8906    -0.1258 0.0000e+00
    366.000     3.4421     3.4174  32.269234    35.0570    27.8908    -0.1243 0.0000e+00
    367.000     3.4386     3.4139  32.266433    35.0567    27.8909    -0.1066 0.0000e+00
    368.000     3.4481     3.4233  32.275670    35.0571    27.8903    -0.1214 0.0000e+00
    369.000     3.4355     3.4107  32.264096    35.0562    27.8908    -0.1070 0.0000e+00
    370.000     3.4200     3.3951  32.249596    35.0548    27.8912    -0.1129 0.0000e+00
    371.000     3.3967     3.3718  32.228759    35.0542    27.8931    -0.1270 0.0000e+00
    372.000     3.3902     3.3653  32.222888    35.0536    27.8932    -0.1273 0.0000e+00
    373.000     3.3935     3.3685  32.226360    35.0537    27.8930    -0.1242 0.0000e+00
    374.000     3.3798     3.3548  32.213413    35.0523    27.8931    -0.1197 0.0000e+00
    375.000     3.3746     3.3495  32.209168    35.0522    27.8936    -0.1268 0.0000e+00
    376.000     3.3701     3.3450  32.205413    35.0520    27.8939    -0.1029 0.0000e+00
    377.000     3.3669     3.3417  32.202979    35.0519    27.8941    -0.1043 0.0000e+00
    378.000     3.3672     3.3420  32.203482    35.0517    27.8939    -0.1135 0.0000e+00
    379.000     3.3669     3.3416  32.203164    35.0511    27.8935    -0.1229 0.0000e+00
    380.000     3.3649     3.3396  32.201956    35.0512    27.8938    -0.1059 0.0000e+00
    381.000     3.3585     3.3330  32.196254    35.0507    27.8940    -0.1277 0.0000e+00
    382.000     3.3493     3.3238  32.188224    35.0504    27.8946    -0.1076 0.0000e+00
    383.000     3.3476     3.3221  32.186958    35.0501    27.8946    -0.1268 0.0000e+00
    384.000     3.3257     3.3002  32.167300    35.0494    27.8962    -0.1265 0.0000e+00
    385.000     3.3281     3.3024  32.171068    35.0509    27.8971    -0.1042 0.0000e+00
    386.000     3.3219     3.2962  32.165675    35.0505    27.8974    -0.1293 0.0000e+00
    387.000     3.3134     3.2877  32.157603    35.0493    27.8973    -0.1066 0.0000e+00
    388.000     3.2918     3.2661  32.137315    35.0476    27.8980    -0.1096 0.0000e+00
    389.000     3.2607     3.2350  32.106844    35.0437    27.8979    -0.1111 0.0000e+00
    390.000     3.2586     3.2328  32.105248    35.0435    27.8979    -0.1152 0.0000e+00
    391.000     3.2554     3.2295  32.102467    35.0431    27.8979    -0.1265 0.0000e+00
    392.000     3.2514     3.2255  32.098911    35.0425    27.8979    -0.1181 0.0000e+00
    393.000     3.2579     3.2319  32.105256    35.0426    27.8973    -0.1155 0.0000e+00
    394.000     3.2334     3.2074  32.082185    35.0406    27.8980    -0.1204 0.0000e+00
    395.000     3.2307     3.2046  32.080019    35.0403    27.8981    -0.0995 0.0000e+00
    396.000     3.2273     3.2012  32.077114    35.0399    27.8981    -0.1043 0.0000e+00
    397.000     3.2236     3.1975  32.073785    35.0393    27.8980    -0.1204 0.0000e+00
    398.000     3.2274     3.2012  32.077837    35.0395    27.8978    -0.1227 0.0000e+00
    399.000     3.2263     3.2000  32.076923    35.0391    27.8975    -0.1281 0.0000e+00
    400.000     3.2228     3.1964  32.074398    35.0393    27.8980    -0.1095 0.0000e+00
    401.000     3.2171     3.1907  32.068858    35.0381    27.8977    -0.1199 0.0000e+00
    402.000     3.1514     3.1251  32.004913    35.0310    27.8982    -0.1243 0.0000e+00
    403.000     3.1349     3.1086  31.990305    35.0306    27.8994    -0.1118 0.0000e+00
    404.000     3.0148     2.9889  31.873305    35.0175    27.9002    -0.1301 0.0000e+00
    405.000     2.8699     2.8444  31.736501    35.0071    27.9051    -0.1296 0.0000e+00
    406.000     2.8290     2.8035  31.698116    35.0040    27.9063    -0.1094 0.0000e+00
    407.000     2.8137     2.7882  31.682489    35.0009    27.9053    -0.1145 0.0000e+00
    408.000     2.8114     2.7859  31.679139    34.9987    27.9037    -0.1188 0.0000e+00
    409.000     2.7910     2.7655  31.658779    34.9954    27.9029    -0.1137 0.0000e+00
    410.000     2.7395     2.7140  31.609943    34.9909    27.9039    -0.1159 0.0000e+00
    411.000     2.6922     2.6669  31.565415    34.9870    27.9050    -0.1022 0.0000e+00
    412.000     2.6605     2.6352  31.535162    34.9838    27.9053    -0.1027 0.0000e+00
    413.000     2.6134     2.5882  31.488771    34.9774    27.9043    -0.1224 0.0000e+00
    414.000     2.5675     2.5424  31.446508    34.9748    27.9062    -0.1047 0.0000e+00
    415.000     2.5565     2.5314  31.435830    34.9730    27.9057    -0.1080 0.0000e+00
    416.000     2.5207     2.4956  31.401464    34.9691    27.9057    -0.1167 0.0000e+00
    417.000     2.4822     2.4572  31.364969    34.9654    27.9060    -0.1033 0.0000e+00
    418.000     2.4092     2.3844  31.296382    34.9597    27.9077    -0.1036 0.0000e+00
    419.000     2.3651     2.3404  31.254188    34.9550    27.9077    -0.1063 0.0000e+00
    420.000     2.3572     2.3324  31.246699    34.9539    27.9074    -0.1248 0.0000e+00
    421.000     2.3562     2.3314  31.245925    34.9534    27.9071    -0.1107 0.0000e+00
    422.000     2.3564     2.3315  31.246142    34.9529    27.9068    -0.1240 0.0000e+00
    423.000     2.3923     2.3672  31.281873    34.9574    27.9073    -0.1176 0.0000e+00
    424.000     2.4394     2.4141  31.327209    34.9615    27.9066    -0.1108 0.0000e+00
    425.000     2.4402     2.4148  31.328726    34.9620    27.9070    -0.1178 0.0000e+00
    426.000     2.4428     2.4173  31.331620    34.9622    27.9069    -0.1163 0.0000e+00
    427.000     2.4375     2.4120  31.326903    34.9616    27.9068    -0.1279 0.0000e+00
    428.000     2.4308     2.4053  31.320600    34.9605    27.9066    -0.1169 0.0000e+00
    429.000     2.4159     2.3904  31.307133    34.9595    27.9071    -0.1199 0.0000e+00
    430.000     2.4074     2.3818  31.299349    34.9586    27.9071    -0.1274 0.0000e+00
    431.000     2.4010     2.3754  31.293498    34.9578    27.9070    -0.1207 0.0000e+00
    432.000     2.3748     2.3492  31.268568    34.9550    27.9069    -0.1037 0.0000e+00
    433.000     2.3361     2.3106  31.232620    34.9521    27.9078    -0.1152 0.0000e+00
    434.000     2.2938     2.2684  31.193850    34.9497    27.9095    -0.1280 0.0000e+00
    435.000     2.3071     2.2816  31.205703    34.9493    27.9080    -0.1119 0.0000e+00
    436.000     2.2678     2.2424  31.169392    34.9466    27.9092    -0.1023 0.0000e+00
    437.000     2.2560     2.2306  31.158640    34.9456    27.9093    -0.1090 0.0000e+00
    438.000     2.2560     2.2305  31.159180    34.9457    27.9094    -0.1032 0.0000e+00
    439.000     2.2663     2.2407  31.170358    34.9478    27.9102    -0.1108 0.0000e+00
    440.000     2.2731     2.2474  31.176749    34.9477    27.9096    -0.1108 0.0000e+00
    441.000     2.2781     2.2523  31.182316    34.9486    27.9099    -0.1097 0.0000e+00
    442.000     2.2622     2.2364  31.168198    34.9479    27.9107    -0.1280 0.0000e+00
    443.000     2.2344     2.2087  31.143136    34.9466    27.9119    -0.1256 0.0000e+00
    444.000     2.2179     2.1922  31.128441    34.9458    27.9127    -0.1286 0.0000e+00
    445.000     2.2072     2.1815  31.118259    34.9443    27.9123    -0.1270 0.0000e+00
    446.000     2.1903     2.1646  31.103794    34.9442    27.9137    -0.1238 0.0000e+00
    447.000     2.2116     2.1857  31.125062    34.9468    27.9140    -0.1160 0.0000e+00
    448.000     2.2432     2.2171  31.156059    34.9503    27.9142    -0.1180 0.0000e+00
    449.000     2.2653     2.2391  31.178094    34.9529    27.9144    -0.1144 0.0000e+00
    450.000     2.2897     2.2633  31.202726    34.9563    27.9151    -0.1130 0.0000e+00
    451.000     2.2820     2.2556  31.196616    34.9565    27.9160    -0.1152 0.0000e+00
    452.000     2.2327     2.2064  31.150656    34.9528    27.9171    -0.1290 0.0000e+00
    453.000     2.1994     2.1732  31.120506    34.9511    27.9185    -0.1315 0.0000e+00
    454.000     2.1808     2.1546  31.103604    34.9499    27.9191    -0.1279 0.0000e+00
    455.000     2.1452     2.1190  31.070379    34.9470    27.9196    -0.1023 0.0000e+00
    456.000     2.1152     2.0891  31.042447    34.9445    27.9201    -0.1100 0.0000e+00
    457.000     2.1039     2.0778  31.032418    34.9438    27.9204    -0.1079 0.0000e+00
    458.000     2.0996     2.0734  31.028370    34.9429    27.9201    -0.1079 0.0000e+00
    459.000     2.0896     2.0634  31.019299    34.9420    27.9201    -0.1060 0.0000e+00
    460.000     2.0871     2.0608  31.017393    34.9418    27.9202    -0.1072 0.0000e+00
    461.000     2.0859     2.0596  31.016504    34.9415    27.9200    -0.1077 0.0000e+00
    462.000     2.0857     2.0593  31.016676    34.9413    27.9199    -0.1100 0.0000e+00
    463.000     2.0859     2.0595  31.017223    34.9412    27.9198    -0.1048 0.0000e+00
    464.000     2.0856     2.0591  31.017435    34.9412    27.9198    -0.1128 0.0000e+00
    465.000     2.0860     2.0595  31.018171    34.9411    27.9197    -0.1067 0.0000e+00
    466.000     2.0858     2.0592  31.018466    34.9411    27.9198    -0.1048 0.0000e+00
    467.000     2.0859     2.0592  31.019027    34.9412    27.9198    -0.1218 0.0000e+00
    468.000     2.0863     2.0596  31.019921    34.9413    27.9199    -0.1162 0.0000e+00
    469.000     2.0913     2.0645  31.025330    34.9420    27.9201    -0.1095 0.0000e+00
    470.000     2.0955     2.0686  31.030160    34.9428    27.9204    -0.1222 0.0000e+00
    471.000     2.0979     2.0709  31.032905    34.9431    27.9205    -0.1110 0.0000e+00
    472.000     2.1082     2.0812  31.043762    34.9448    27.9209    -0.1228 0.0000e+00
    473.000     2.1304     2.1032  31.065850    34.9474    27.9213    -0.1109 0.0000e+00
    474.000     2.1377     2.1104  31.073998    34.9490    27.9220    -0.1080 0.0000e+00
    475.000     2.1383     2.1110  31.075422    34.9496    27.9224    -0.1082 0.0000e+00
    476.000     2.1355     2.1081  31.073332    34.9494    27.9225    -0.1269 0.0000e+00
    477.000     2.1233     2.0959  31.063058    34.9495    27.9235    -0.1154 0.0000e+00
    478.000     2.1201     2.0926  31.060583    34.9494    27.9237    -0.1202 0.0000e+00
    479.000     2.1164     2.0889  31.057595    34.9491    27.9238    -0.1212 0.0000e+00
    480.000     2.1131     2.0855  31.054878    34.9488    27.9238    -0.1121 0.0000e+00
    481.000     2.1130     2.0854  31.055442    34.9490    27.9240    -0.1102 0.0000e+00
    482.000     2.1135     2.0858  31.056285    34.9490    27.9240    -0.1075 0.0000e+00
    483.000     2.1110     2.0833  31.054565    34.9490    27.9241    -0.1074 0.0000e+00
    484.000     2.1306     2.1027  31.075028    34.9525    27.9253    -0.1083 0.0000e+00
    485.000     2.1626     2.1345  31.108458    34.9585    27.9276    -0.1080 0.0000e+00
    486.000     2.1844     2.1562  31.130657    34.9617    27.9283    -0.1090 0.0000e+00
    487.000     2.1686     2.1404  31.117106    34.9616    27.9296    -0.1103 0.0000e+00
    488.000     2.1714     2.1431  31.120647    34.9624    27.9300    -0.1220 0.0000e+00
    489.000     2.1706     2.1423  31.119958    34.9618    27.9296    -0.1087 0.0000e+00
    490.000     2.1694     2.1410  31.119309    34.9618    27.9297    -0.1282 0.0000e+00
    491.000     2.1671     2.1386  31.117650    34.9617    27.9298    -0.1170 0.0000e+00
    492.000     2.1641     2.1355  31.115450    34.9617    27.9301    -0.1089 0.0000e+00
    493.000     2.1680     2.1394  31.119762    34.9622    27.9302    -0.1170 0.0000e+00
    494.000     2.1719     2.1432  31.123919    34.9626    27.9301    -0.1278 0.0000e+00
    495.000     2.1741     2.1453  31.126308    34.9626    27.9300    -0.1062 0.0000e+00
    496.000     2.1735     2.1447  31.126071    34.9624    27.9299    -0.1054 0.0000e+00
    497.000     2.1194     2.0908  31.075961    34.9586    27.9312    -0.1070 0.0000e+00
    498.000     2.0771     2.0486  31.035017    34.9533    27.9304    -0.1097 0.0000e+00
    499.000     2.0124     1.9840  30.976594    34.9509    27.9336    -0.1086 0.0000e+00
    500.000     2.0014     1.9730  30.965635    34.9486    27.9327    -0.1296 0.0000e+00
    501.000     1.9768     1.9485  30.942129    34.9457    27.9323    -0.1088 0.0000e+00
    502.000     1.9640     1.9357  30.930120    34.9441    27.9321    -0.1139 0.0000e+00
    503.000     1.9579     1.9295  30.924313    34.9430    27.9317    -0.1126 0.0000e+00
    504.000     1.9407     1.9124  30.908760    34.9419    27.9321    -0.1038 0.0000e+00
    505.000     1.9256     1.8972  30.894981    34.9407    27.9324    -0.1049 0.0000e+00
    506.000     1.9179     1.8896  30.887635    34.9393    27.9319    -0.1200 0.0000e+00
    507.000     1.9039     1.8755  30.874867    34.9382    27.9321    -0.1157 0.0000e+00
    508.000     1.8771     1.8488  30.849639    34.9354    27.9320    -0.1289 0.0000e+00
    509.000     1.8054     1.7773  30.783082    34.9302    27.9333    -0.1284 0.0000e+00
    510.000     1.8182     1.7900  30.795728    34.9314    27.9333    -0.1101 0.0000e+00
    511.000     1.8373     1.8090  30.811673    34.9298    27.9306    -0.1040 0.0000e+00
    512.000     1.7446     1.7166  30.727372    34.9253    27.9341    -0.1033 0.0000e+00
    513.000     1.7377     1.7096  30.721235    34.9247    27.9341    -0.1078 0.0000e+00
    514.000     1.7252     1.6972  30.709604    34.9231    27.9338    -0.1282 0.0000e+00
    515.000     1.7102     1.6822  30.696119    34.9221    27.9341    -0.1089 0.0000e+00
    516.000     1.7029     1.6748  30.689102    34.9208    27.9336    -0.1227 0.0000e+00
    517.000     1.6837     1.6556  30.671576    34.9193    27.9339    -0.1057 0.0000e+00
    518.000     1.6779     1.6498  30.666881    34.9192    27.9343    -0.1279 0.0000e+00
    519.000     1.6691     1.6411  30.659448    34.9189    27.9347    -0.1289 0.0000e+00
    520.000     1.6593     1.6312  30.651027    34.9185    27.9351    -0.1085 0.0000e+00
    521.000     1.6554     1.6273  30.648217    34.9187    27.9356    -0.1070 0.0000e+00
    522.000     1.6524     1.6242  30.646368    34.9192    27.9362    -0.1293 0.0000e+00
    523.000     1.6469     1.6187  30.642270    34.9195    27.9368    -0.1245 0.0000e+00
    524.000     1.6526     1.6243  30.648064    34.9199    27.9367    -0.1082 0.0000e+00
    525.000     1.6547     1.6264  30.650610    34.9203    27.9368    -0.1049 0.0000e+00
    526.000     1.6540     1.6256  30.650147    34.9199    27.9367    -0.1074 0.0000e+00
    527.000     1.6343     1.6059  30.631930    34.9180    27.9366    -0.1070 0.0000e+00
    528.000     1.6362     1.6078  30.635577    34.9200    27.9380    -0.1021 0.0000e+00
    529.000     1.6752     1.6465  30.674414    34.9254    27.9395    -0.1263 0.0000e+00
    530.000     1.7169     1.6879  30.714706    34.9297    27.9398    -0.1216 0.0000e+00
    531.000     1.7348     1.7057  30.733791    34.9335    27.9414    -0.1080 0.0000e+00
    532.000     1.7560     1.7267  30.755448    34.9368    27.9425    -0.1083 0.0000e+00
    533.000     1.7557     1.7264  30.755773    34.9369    27.9426    -0.1051 0.0000e+00
    534.000     1.7499     1.7205  30.751018    34.9369    27.9430    -0.1233 0.0000e+00
    535.000     1.7552     1.7258  30.757229    34.9383    27.9438    -0.1062 0.0000e+00
    536.000     1.7620     1.7325  30.764396    34.9392    27.9440    -0.1056 0.0000e+00
    537.000     1.8215     1.7917  30.824615    34.9488    27.9471    -0.1238 0.0000e+00
    538.000     1.8462     1.8162  30.847755    34.9502    27.9463    -0.1091 0.0000e+00
    539.000     1.8465     1.8165  30.849099    34.9509    27.9469    -0.1188 0.0000e+00
    540.000     1.8463     1.8162  30.849496    34.9511    27.9470    -0.1117 0.0000e+00
