development/example_data/cnv/atwain_cruise/AT283.cnv
* Sea-Bird SBE 9 Data File:
* FileName = C:\ATWAIN_2017\hex\AT283.hex
* Software Version Seasave V 7.21b
* Temperature SN = 2400
* Conductivity SN = 3234
* Number of Bytes Per Scan = 34
* Number of Voltage Words = 4
* Number of Scans Averaged by the Deck Unit = 1
* NMEA baud rate = 4800
** ATWAIN 2017
** R/V Lance
** Sounding depth: 607
** Latitude: 80 17.4920
** Longitude: 008 54.4540
# nquan = 8
# nvalues = 598                         
# units = specified
# name 0 = prDM: Pressure, Digiquartz [db]
# name 1 = t090C: Temperature [ITS-90, deg C]
# name 2 = potemp090C: Potential Temperature [ITS-90, deg C]
# name 3 = c0mS/cm: Conductivity [mS/cm]
# name 4 = sal00: Salinity, Practical [PSU]
# name 5 = sigma-é00: Density [sigma-theta, kg/m^3]
# name 6 = flECO-AFL: Fluorescence, WET Labs ECO-AFL/FL [mg/m^3]
# name 7 = flag: flag
# span 0 =      4.000,    601.000       
# span 1 =     1.9858,     6.6492       
# span 2 =     1.9513,     6.6467       
# span 3 =  31.032514,  35.013629       
# span 4 =    34.7530,    35.1213       
# span 5 =    27.3696,    27.9699       
# span 6 =    -0.1315,     2.0603       
# span 7 = 0.0000e+00, 0.0000e+00       
# interval = decibars: 1                
# start_time = Sep 24 2017 14:58:53 [System UTC, first data scan.]
# bad_flag = -9.990e-29
*END*
      4.000     5.9042     5.9039  34.066532    34.7580    27.3737     2.0603 0.0000e+00
      5.000     5.9076     5.9072  34.066241    34.7536    27.3698     1.9544 0.0000e+00
      6.000     5.9061     5.9056  34.064843    34.7530    27.3696     1.8026 0.0000e+00
      7.000     5.9613     5.9607  34.143188    34.7844    27.3874     1.8932 0.0000e+00
      8.000     6.0354     6.0347  34.253370    34.8323    27.4157     1.7886 0.0000e+00
      9.000     6.0493     6.0485  34.273047    34.8397    27.4198     1.8295 0.0000e+00
     10.000     6.0557     6.0548  34.281835    34.8425    27.4212     1.8856 0.0000e+00
     11.000     6.0575     6.0565  34.288322    34.8474    27.4249     1.9394 0.0000e+00
     12.000     6.0626     6.0616  34.296108    34.8504    27.4266     1.9148 0.0000e+00
     13.000     6.0529     6.0518  34.288135    34.8509    27.4283     1.8587 0.0000e+00
     14.000     6.0465     6.0453  34.284826    34.8533    27.4310     1.7337 0.0000e+00
     15.000     6.0278     6.0265  34.267756    34.8527    27.4329     1.8081 0.0000e+00
     16.000     6.0159     6.0146  34.257964    34.8534    27.4350     1.8860 0.0000e+00
     17.000     6.0290     6.0275  34.274427    34.8580    27.4370     1.8360 0.0000e+00
     18.000     6.0612     6.0597  34.310648    34.8652    27.4385     1.8480 0.0000e+00
     19.000     6.0888     6.0872  34.342628    34.8723    27.4406     1.7550 0.0000e+00
     20.000     6.1235     6.1218  34.381171    34.8796    27.4419     1.7731 0.0000e+00
     21.000     6.1568     6.1550  34.420036    34.8886    27.4447     1.7472 0.0000e+00
     22.000     6.1676     6.1658  34.432119    34.8905    27.4449     1.5547 0.0000e+00
     23.000     6.1748     6.1729  34.443722    34.8957    27.4480     1.7125 0.0000e+00
     24.000     6.2395     6.2374  34.518005    34.9123    27.4527     1.4995 0.0000e+00
     25.000     6.3440     6.3418  34.642625    34.9442    27.4642     1.3449 0.0000e+00
     26.000     6.3461     6.3439  34.639879    34.9383    27.4592     1.3594 0.0000e+00
     27.000     6.5856     6.5831  34.922882    35.0086    27.4828     1.2882 0.0000e+00
     28.000     6.6492     6.6467  35.013629    35.0439    27.5021     1.0636 0.0000e+00
     29.000     6.5205     6.5179  34.912882    35.0633    27.5347     0.5897 0.0000e+00
     30.000     6.5160     6.5133  34.919316    35.0745    27.5442     0.3149 0.0000e+00
     31.000     6.5112     6.5084  34.917673    35.0771    27.5469     0.2996 0.0000e+00
     32.000     6.5071     6.5042  34.917508    35.0806    27.5503     0.2717 0.0000e+00
     33.000     6.4869     6.4840  34.904889    35.0868    27.5578     0.1480 0.0000e+00
     34.000     6.4745     6.4714  34.895973    35.0891    27.5614     0.1690 0.0000e+00
     35.000     6.4642     6.4611  34.888148    35.0904    27.5638     0.1128 0.0000e+00
     36.000     6.4453     6.4421  34.873027    35.0924    27.5679     0.0657 0.0000e+00
     37.000     6.4350     6.4317  34.864973    35.0935    27.5702     0.0533 0.0000e+00
     38.000     6.4109     6.4075  34.844448    35.0949    27.5744     0.0488 0.0000e+00
     39.000     6.3885     6.3850  34.824882    35.0956    27.5780     0.0283 0.0000e+00
     40.000     6.3741     6.3706  34.812979    35.0965    27.5806     0.0321 0.0000e+00
     41.000     6.3613     6.3577  34.801985    35.0969    27.5826     0.0121 0.0000e+00
     42.000     6.3213     6.3176  34.765711    35.0969    27.5879    -0.0060 0.0000e+00
     43.000     6.2608     6.2570  34.712114    35.0987    27.5973    -0.0069 0.0000e+00
     44.000     6.2523     6.2485  34.705002    35.0989    27.5986    -0.0379 0.0000e+00
     45.000     6.2317     6.2277  34.692006    35.1051    27.6063    -0.0577 0.0000e+00
     46.000     6.1831     6.1791  34.644831    35.1018    27.6100    -0.0451 0.0000e+00
     47.000     6.1353     6.1312  34.600675    35.1009    27.6156    -0.0687 0.0000e+00
     48.000     6.1095     6.1054  34.577855    35.1014    27.6193    -0.0711 0.0000e+00
     49.000     6.0992     6.0950  34.569697    35.1023    27.6213    -0.0686 0.0000e+00
     50.000     6.1024     6.0981  34.572685    35.1018    27.6206    -0.0723 0.0000e+00
     51.000     6.0473     6.0430  34.526144    35.1058    27.6309    -0.0705 0.0000e+00
     52.000     6.0166     6.0122  34.499632    35.1072    27.6359    -0.0682 0.0000e+00
     53.000     6.0129     6.0084  34.496584    35.1070    27.6363    -0.0697 0.0000e+00
     54.000     6.0007     5.9961  34.486941    35.1083    27.6388    -0.0907 0.0000e+00
     55.000     5.9838     5.9791  34.471859    35.1083    27.6410    -0.0737 0.0000e+00
     56.000     5.9303     5.9256  34.421418    35.1061    27.6462    -0.0912 0.0000e+00
     57.000     5.8921     5.8873  34.389004    35.1086    27.6530    -0.0889 0.0000e+00
     58.000     5.8732     5.8683  34.373549    35.1102    27.6567    -0.0895 0.0000e+00
     59.000     5.8551     5.8501  34.358232    35.1111    27.6597    -0.0762 0.0000e+00
     60.000     5.8475     5.8425  34.351160    35.1104    27.6601    -0.0792 0.0000e+00
     61.000     5.8415     5.8364  34.346445    35.1107    27.6611    -0.1068 0.0000e+00
     62.000     5.8395     5.8343  34.345357    35.1110    27.6617    -0.1005 0.0000e+00
     63.000     5.8336     5.8283  34.341736    35.1126    27.6636    -0.0982 0.0000e+00
     64.000     5.8138     5.8084  34.326392    35.1152    27.6683    -0.0892 0.0000e+00
     65.000     5.7978     5.7923  34.312456    35.1155    27.6705    -0.0754 0.0000e+00
     66.000     5.7791     5.7736  34.296135    35.1159    27.6732    -0.0709 0.0000e+00
     67.000     5.7648     5.7592  34.283590    35.1160    27.6751    -0.0948 0.0000e+00
     68.000     5.7541     5.7484  34.274314    35.1161    27.6765    -0.1043 0.0000e+00
     69.000     5.7347     5.7289  34.257297    35.1164    27.6792    -0.1057 0.0000e+00
     70.000     5.7226     5.7168  34.246989    35.1167    27.6810    -0.1036 0.0000e+00
     71.000     5.7290     5.7231  34.252861    35.1162    27.6798    -0.1043 0.0000e+00
     72.000     5.7238     5.7178  34.248374    35.1160    27.6803    -0.0994 0.0000e+00
     73.000     5.7251     5.7191  34.249877    35.1158    27.6800    -0.0989 0.0000e+00
     74.000     5.7241     5.7179  34.249280    35.1157    27.6800    -0.1058 0.0000e+00
     75.000     5.7224     5.7161  34.248140    35.1156    27.6802    -0.0996 0.0000e+00
     76.000     5.7175     5.7111  34.244207    35.1157    27.6809    -0.1019 0.0000e+00
     77.000     5.7143     5.7079  34.241808    35.1157    27.6813    -0.0997 0.0000e+00
     78.000     5.7111     5.7046  34.240114    35.1167    27.6824    -0.1017 0.0000e+00
     79.000     5.7100     5.7034  34.240538    35.1178    27.6835    -0.1053 0.0000e+00
     80.000     5.7070     5.7003  34.239187    35.1189    27.6848    -0.1031 0.0000e+00
     81.000     5.6975     5.6908  34.232265    35.1203    27.6871    -0.1025 0.0000e+00
     82.000     5.6759     5.6691  34.213836    35.1213    27.6906    -0.1038 0.0000e+00
     83.000     5.6480     5.6411  34.188729    35.1213    27.6940    -0.1030 0.0000e+00
     84.000     5.6141     5.6072  34.157628    35.1206    27.6977    -0.1013 0.0000e+00
     85.000     5.5485     5.5416  34.096190    35.1183    27.7040    -0.1009 0.0000e+00
     86.000     5.5197     5.5127  34.069191    35.1170    27.7065    -0.1042 0.0000e+00
     87.000     5.4916     5.4845  34.042918    35.1158    27.7091    -0.1013 0.0000e+00
     88.000     5.4525     5.4454  34.006397    35.1143    27.7126    -0.1015 0.0000e+00
     89.000     5.4224     5.4152  33.979029    35.1139    27.7160    -0.1023 0.0000e+00
     90.000     5.4029     5.3956  33.961147    35.1132    27.7179    -0.0855 0.0000e+00
     91.000     5.3866     5.3793  33.945323    35.1116    27.7186    -0.0991 0.0000e+00
     92.000     5.3212     5.3139  33.882926    35.1078    27.7235    -0.0989 0.0000e+00
     93.000     5.2878     5.2804  33.851793    35.1065    27.7265    -0.1023 0.0000e+00
     94.000     5.2701     5.2626  33.834510    35.1047    27.7272    -0.0989 0.0000e+00
     95.000     5.2508     5.2432  33.816327    35.1034    27.7285    -0.0969 0.0000e+00
     96.000     5.2496     5.2420  33.815127    35.1027    27.7281    -0.1006 0.0000e+00
     97.000     5.2476     5.2399  33.813262    35.1022    27.7280    -0.1004 0.0000e+00
     98.000     5.2444     5.2366  33.810652    35.1020    27.7282    -0.1003 0.0000e+00
     99.000     5.2321     5.2242  33.799041    35.1010    27.7289    -0.1008 0.0000e+00
    100.000     5.2220     5.2140  33.789412    35.1000    27.7293    -0.0995 0.0000e+00
    101.000     5.2145     5.2065  33.782552    35.0994    27.7297    -0.1035 0.0000e+00
    102.000     5.1987     5.1906  33.768398    35.0991    27.7314    -0.1039 0.0000e+00
    103.000     5.1724     5.1643  33.749400    35.1043    27.7386    -0.1039 0.0000e+00
    104.000     5.1671     5.1589  33.745180    35.1045    27.7394    -0.1016 0.0000e+00
    105.000     5.1642     5.1559  33.742894    35.1043    27.7396    -0.1068 0.0000e+00
    106.000     5.1127     5.1044  33.696850    35.1047    27.7461    -0.1024 0.0000e+00
    107.000     5.1060     5.0976  33.692356    35.1061    27.7480    -0.1003 0.0000e+00
    108.000     5.1054     5.0969  33.691859    35.1055    27.7476    -0.1022 0.0000e+00
    109.000     5.0937     5.0852  33.680971    35.1047    27.7483    -0.0992 0.0000e+00
    110.000     5.0648     5.0562  33.653913    35.1033    27.7507    -0.1035 0.0000e+00
    111.000     5.0186     5.0099  33.611674    35.1025    27.7555    -0.1002 0.0000e+00
    112.000     5.0100     5.0013  33.604891    35.1031    27.7569    -0.1019 0.0000e+00
    113.000     5.0046     4.9958  33.600190    35.1029    27.7574    -0.1013 0.0000e+00
    114.000     5.0025     4.9936  33.598437    35.1025    27.7574    -0.1092 0.0000e+00
    115.000     4.9967     4.9878  33.593300    35.1021    27.7577    -0.1142 0.0000e+00
    116.000     4.9812     4.9722  33.579089    35.1014    27.7590    -0.1031 0.0000e+00
    117.000     4.9715     4.9624  33.570100    35.1007    27.7596    -0.1007 0.0000e+00
    118.000     4.9643     4.9552  33.563736    35.1003    27.7601    -0.1036 0.0000e+00
    119.000     4.9553     4.9461  33.555529    35.0998    27.7607    -0.1016 0.0000e+00
    120.000     4.9474     4.9381  33.548225    35.0991    27.7611    -0.1090 0.0000e+00
    121.000     4.9396     4.9303  33.541352    35.0987    27.7618    -0.1050 0.0000e+00
    122.000     4.9288     4.9193  33.531330    35.0980    27.7625    -0.1052 0.0000e+00
    123.000     4.9289     4.9194  33.531850    35.0980    27.7624    -0.1238 0.0000e+00
    124.000     4.9193     4.9097  33.522795    35.0970    27.7627    -0.1036 0.0000e+00
    125.000     4.9089     4.8992  33.513362    35.0965    27.7636    -0.1022 0.0000e+00
    126.000     4.9038     4.8940  33.509095    35.0964    27.7641    -0.1075 0.0000e+00
    127.000     4.9031     4.8933  33.508735    35.0961    27.7640    -0.0987 0.0000e+00
    128.000     4.9029     4.8930  33.509094    35.0962    27.7641    -0.0975 0.0000e+00
    129.000     4.9021     4.8922  33.508927    35.0964    27.7643    -0.1014 0.0000e+00
    130.000     4.9020     4.8919  33.509604    35.0968    27.7646    -0.0994 0.0000e+00
    131.000     4.8852     4.8751  33.494706    35.0966    27.7664    -0.1042 0.0000e+00
    132.000     4.8748     4.8646  33.485584    35.0965    27.7676    -0.1002 0.0000e+00
    133.000     4.8644     4.8542  33.476654    35.0965    27.7688    -0.1033 0.0000e+00
    134.000     4.8583     4.8480  33.471222    35.0961    27.7692    -0.1104 0.0000e+00
    135.000     4.8534     4.8430  33.467551    35.0964    27.7700    -0.1028 0.0000e+00
    136.000     4.8602     4.8498  33.475388    35.0978    27.7703    -0.1258 0.0000e+00
    137.000     4.8536     4.8431  33.469737    35.0977    27.7710    -0.1227 0.0000e+00
    138.000     4.8473     4.8368  33.464966    35.0982    27.7722    -0.0995 0.0000e+00
    139.000     4.8492     4.8385  33.468580    35.0999    27.7733    -0.0984 0.0000e+00
    140.000     4.8606     4.8498  33.481453    35.1023    27.7739    -0.1007 0.0000e+00
    141.000     4.8420     4.8312  33.463619    35.1007    27.7748    -0.1006 0.0000e+00
    142.000     4.8312     4.8203  33.453312    35.0995    27.7751    -0.0992 0.0000e+00
    143.000     4.8289     4.8180  33.451634    35.0994    27.7753    -0.1023 0.0000e+00
    144.000     4.8025     4.7915  33.426429    35.0975    27.7768    -0.1006 0.0000e+00
    145.000     4.7991     4.7881  33.423391    35.0969    27.7767    -0.1022 0.0000e+00
    146.000     4.8001     4.7890  33.424886    35.0971    27.7768    -0.1038 0.0000e+00
    147.000     4.8064     4.7951  33.431611    35.0978    27.7766    -0.1305 0.0000e+00
    148.000     4.7929     4.7816  33.418654    35.0964    27.7770    -0.1197 0.0000e+00
    149.000     4.7865     4.7751  33.413031    35.0961    27.7775    -0.1071 0.0000e+00
    150.000     4.7985     4.7870  33.425519    35.0975    27.7773    -0.1009 0.0000e+00
    151.000     4.7944     4.7828  33.421958    35.0971    27.7775    -0.1048 0.0000e+00
    152.000     4.7773     4.7657  33.404846    35.0947    27.7775    -0.1019 0.0000e+00
    153.000     4.7718     4.7601  33.399785    35.0940    27.7776    -0.1003 0.0000e+00
    154.000     4.7686     4.7569  33.397026    35.0936    27.7777    -0.1041 0.0000e+00
    155.000     4.7695     4.7577  33.398236    35.0936    27.7775    -0.1049 0.0000e+00
    156.000     4.7702     4.7584  33.399410    35.0936    27.7775    -0.0991 0.0000e+00
    157.000     4.7685     4.7565  33.398273    35.0936    27.7777    -0.1151 0.0000e+00
    158.000     4.7629     4.7508  33.393126    35.0930    27.7779    -0.1045 0.0000e+00
    159.000     4.7546     4.7425  33.385434    35.0923    27.7783    -0.1125 0.0000e+00
    160.000     4.7268     4.7146  33.359151    35.0905    27.7800    -0.1185 0.0000e+00
    161.000     4.6986     4.6864  33.333345    35.0896    27.7825    -0.0983 0.0000e+00
    162.000     4.6884     4.6761  33.325052    35.0901    27.7841    -0.1002 0.0000e+00
    163.000     4.6854     4.6731  33.323194    35.0906    27.7848    -0.1117 0.0000e+00
    164.000     4.6822     4.6698  33.320985    35.0908    27.7854    -0.0990 0.0000e+00
    165.000     4.6833     4.6708  33.322793    35.0913    27.7856    -0.1036 0.0000e+00
    166.000     4.6834     4.6709  33.323659    35.0916    27.7859    -0.1271 0.0000e+00
    167.000     4.6822     4.6696  33.324277    35.0931    27.7871    -0.1268 0.0000e+00
    168.000     4.6833     4.6706  33.325550    35.0929    27.7869    -0.1042 0.0000e+00
    169.000     4.6818     4.6690  33.324582    35.0928    27.7870    -0.1031 0.0000e+00
    170.000     4.6754     4.6625  33.319345    35.0929    27.7878    -0.1029 0.0000e+00
    171.000     4.6701     4.6571  33.314798    35.0927    27.7883    -0.1036 0.0000e+00
    172.000     4.6673     4.6543  33.312533    35.0925    27.7884    -0.0982 0.0000e+00
    173.000     4.6644     4.6514  33.310200    35.0922    27.7886    -0.1050 0.0000e+00
    174.000     4.6629     4.6497  33.309967    35.0931    27.7894    -0.1158 0.0000e+00
    175.000     4.6641     4.6509  33.312044    35.0936    27.7897    -0.1013 0.0000e+00
    176.000     4.6563     4.6430  33.305225    35.0934    27.7905    -0.1016 0.0000e+00
    177.000     4.6538     4.6404  33.303418    35.0935    27.7908    -0.1078 0.0000e+00
    178.000     4.6537     4.6402  33.303964    35.0937    27.7910    -0.1056 0.0000e+00
    179.000     4.6488     4.6352  33.299851    35.0935    27.7914    -0.1149 0.0000e+00
    180.000     4.6426     4.6290  33.294501    35.0932    27.7919    -0.1025 0.0000e+00
    181.000     4.6356     4.6219  33.288396    35.0930    27.7925    -0.1173 0.0000e+00
    182.000     4.6295     4.6157  33.282906    35.0925    27.7928    -0.1129 0.0000e+00
