development/example_data/cnv/atwain_cruise/AT281.cnv
* Sea-Bird SBE 9 Data File:
* FileName = C:\ATWAIN_2017\hex\AT281.hex
* Software Version Seasave V 7.21b
* Temperature SN = 2400
* Conductivity SN = 3234
* Number of Bytes Per Scan = 34
* Number of Voltage Words = 4
* Number of Scans Averaged by the Deck Unit = 1
* NMEA baud rate = 4800
** ATWAIN 2017
** R/V Lance
** Sounding depth: 800
** Latitude: 80 24.7814
** Longitude: 008 42.8825
# nquan = 8
# nvalues = 800                         
# units = specified
# name 0 = prDM: Pressure, Digiquartz [db]
# name 1 = t090C: Temperature [ITS-90, deg C]
# name 2 = potemp090C: Potential Temperature [ITS-90, deg C]
# name 3 = c0mS/cm: Conductivity [mS/cm]
# name 4 = sal00: Salinity, Practical [PSU]
# name 5 = sigma-é00: Density [sigma-theta, kg/m^3]
# name 6 = flECO-AFL: Fluorescence, WET Labs ECO-AFL/FL [mg/m^3]
# name 7 = flag: flag
# span 0 =      2.000,    801.000       
# span 1 =    -0.3188,     5.7935       
# span 2 =    -0.3511,     5.7891       
# span 3 =  29.061377,  34.260708       
# span 4 =    33.4527,    35.1059       
# span 5 =    26.6771,    28.0543       
# span 6 =    -0.1361,     2.7559       
# span 7 = 0.0000e+00, 0.0000e+00       
# interval = decibars: 1                
# start_time = Sep 24 2017 12:29:30 [System UTC, first data scan.]
# bad_flag = -9.990e-29
*END*
[from data line 540]
    542.000     1.8835     1.8531  30.887174    34.9563    27.9483    -0.1299 0.0000e+00
    543.000     1.8808     1.8504  30.884962    34.9559    27.9483    -0.1276 0.0000e+00
    544.000     1.8693     1.8388  30.874981    34.9556    27.9489    -0.1162 0.0000e+00
    545.000     1.8542     1.8238  30.861067    34.9541    27.9489    -0.1153 0.0000e+00
    546.000     1.8046     1.7743  30.816007    34.9515    27.9506    -0.1240 0.0000e+00
    547.000     1.7838     1.7535  30.797450    34.9506    27.9515    -0.1289 0.0000e+00
    548.000     1.7827     1.7524  30.797099    34.9508    27.9517    -0.1005 0.0000e+00
    549.000     1.7875     1.7571  30.802034    34.9511    27.9516    -0.1077 0.0000e+00
    550.000     1.8024     1.7719  30.817463    34.9535    27.9524    -0.1276 0.0000e+00
    551.000     1.7726     1.7421  30.791872    34.9536    27.9548    -0.1303 0.0000e+00
    552.000     1.7662     1.7357  30.786755    34.9537    27.9554    -0.1285 0.0000e+00
    553.000     1.7487     1.7183  30.770869    34.9524    27.9556    -0.1243 0.0000e+00
    554.000     1.7480     1.7175  30.770335    34.9519    27.9553    -0.1071 0.0000e+00
    555.000     1.7309     1.7004  30.754349    34.9501    27.9552    -0.1096 0.0000e+00
    556.000     1.7052     1.6748  30.731884    34.9495    27.9567    -0.1154 0.0000e+00
    557.000     1.7009     1.6704  30.728193    34.9491    27.9567    -0.1331 0.0000e+00
    558.000     1.6964     1.6659  30.724275    34.9485    27.9566    -0.1350 0.0000e+00
    559.000     1.7044     1.6737  30.731877    34.9488    27.9562    -0.1118 0.0000e+00
    560.000     1.6930     1.6624  30.721204    34.9473    27.9559    -0.1302 0.0000e+00
    561.000     1.6369     1.6065  30.669235    34.9431    27.9567    -0.1307 0.0000e+00
    562.000     1.6096     1.5792  30.645325    34.9425    27.9582    -0.1283 0.0000e+00
    563.000     1.5971     1.5667  30.634020    34.9415    27.9584    -0.1101 0.0000e+00
    564.000     1.5945     1.5641  30.631800    34.9409    27.9581    -0.1182 0.0000e+00
    565.000     1.5906     1.5602  30.628178    34.9401    27.9577    -0.1134 0.0000e+00
    566.000     1.5767     1.5462  30.615505    34.9389    27.9578    -0.1213 0.0000e+00
    567.000     1.5746     1.5442  30.613991    34.9386    27.9577    -0.1216 0.0000e+00
    568.000     1.5768     1.5462  30.616937    34.9394    27.9582    -0.1023 0.0000e+00
    569.000     1.5861     1.5555  30.626784    34.9410    27.9588    -0.1045 0.0000e+00
    570.000     1.5960     1.5652  30.637032    34.9425    27.9592    -0.1197 0.0000e+00
    571.000     1.6054     1.5745  30.646589    34.9437    27.9595    -0.1075 0.0000e+00
    572.000     1.6066     1.5757  30.648314    34.9439    27.9596    -0.1078 0.0000e+00
    573.000     1.6073     1.5763  30.649444    34.9439    27.9596    -0.1230 0.0000e+00
    574.000     1.6073     1.5762  30.649753    34.9438    27.9595    -0.1161 0.0000e+00
    575.000     1.6037     1.5726  30.646893    34.9436    27.9597    -0.1087 0.0000e+00
    576.000     1.5971     1.5659  30.641661    34.9437    27.9602    -0.1117 0.0000e+00
    577.000     1.5965     1.5653  30.641778    34.9440    27.9604    -0.1140 0.0000e+00
    578.000     1.6026     1.5713  30.648069    34.9446    27.9605    -0.1142 0.0000e+00
    579.000     1.6170     1.5856  30.663428    34.9476    27.9618    -0.1296 0.0000e+00
    580.000     1.6308     1.5993  30.677590    34.9496    27.9625    -0.1287 0.0000e+00
    581.000     1.6383     1.6067  30.685808    34.9511    27.9631    -0.1190 0.0000e+00
    582.000     1.6428     1.6110  30.690833    34.9520    27.9635    -0.1095 0.0000e+00
    583.000     1.6486     1.6168  30.696738    34.9525    27.9635    -0.1163 0.0000e+00
    584.000     1.6377     1.6059  30.686780    34.9514    27.9634    -0.1253 0.0000e+00
    585.000     1.5973     1.5656  30.649711    34.9486    27.9642    -0.1256 0.0000e+00
    586.000     1.5911     1.5594  30.644839    34.9487    27.9647    -0.1155 0.0000e+00
    587.000     1.6040     1.5722  30.657762    34.9502    27.9650    -0.1295 0.0000e+00
    588.000     1.6284     1.5964  30.681287    34.9525    27.9650    -0.1076 0.0000e+00
    589.000     1.6306     1.5986  30.684158    34.9530    27.9652    -0.1183 0.0000e+00
    590.000     1.6355     1.6033  30.690162    34.9547    27.9662    -0.1128 0.0000e+00
    591.000     1.6534     1.6211  30.709709    34.9590    27.9684    -0.1045 0.0000e+00
    592.000     1.6669     1.6345  30.723827    34.9613    27.9692    -0.1061 0.0000e+00
    593.000     1.6861     1.6535  30.743365    34.9643    27.9701    -0.1293 0.0000e+00
    594.000     1.7367     1.7038  30.792988    34.9704    27.9712    -0.1269 0.0000e+00
    595.000     1.7227     1.6898  30.780419    34.9694    27.9715    -0.1238 0.0000e+00
    596.000     1.7348     1.7018  30.794120    34.9727    27.9732    -0.1106 0.0000e+00
    597.000     1.7517     1.7185  30.811200    34.9751    27.9739    -0.1116 0.0000e+00
    598.000     1.7519     1.7187  30.812291    34.9756    27.9743    -0.1279 0.0000e+00
    599.000     1.7489     1.7156  30.810158    34.9758    27.9746    -0.1279 0.0000e+00
    600.000     1.7431     1.7098  30.805839    34.9762    27.9754    -0.1126 0.0000e+00
    601.000     1.7157     1.6825  30.780585    34.9740    27.9757    -0.1227 0.0000e+00
    602.000     1.6537     1.6207  30.725173    34.9720    27.9788    -0.1089 0.0000e+00
    603.000     1.6342     1.6012  30.707485    34.9707    27.9792    -0.1303 0.0000e+00
    604.000     1.6168     1.5838  30.691776    34.9695    27.9796    -0.1303 0.0000e+00
    605.000     1.5840     1.5512  30.661601    34.9670    27.9800    -0.1303 0.0000e+00
    606.000     1.5693     1.5366  30.650638    34.9688    27.9825    -0.1186 0.0000e+00
    607.000     1.5514     1.5187  30.634051    34.9671    27.9824    -0.1321 0.0000e+00
    608.000     1.5069     1.4743  30.593420    34.9643    27.9836    -0.1282 0.0000e+00
    609.000     1.4681     1.4357  30.558553    34.9625    27.9849    -0.1086 0.0000e+00
    610.000     1.4344     1.4021  30.528388    34.9610    27.9861    -0.1094 0.0000e+00
    611.000     1.4233     1.3909  30.518876    34.9607    27.9866    -0.1046 0.0000e+00
    612.000     1.4169     1.3845  30.513524    34.9603    27.9869    -0.1249 0.0000e+00
    613.000     1.4125     1.3801  30.509704    34.9598    27.9868    -0.1204 0.0000e+00
    614.000     1.4062     1.3737  30.504321    34.9594    27.9869    -0.1292 0.0000e+00
    615.000     1.3975     1.3650  30.496871    34.9591    27.9873    -0.1278 0.0000e+00
    616.000     1.3859     1.3535  30.487208    34.9590    27.9880    -0.1269 0.0000e+00
    617.000     1.3816     1.3491  30.483946    34.9591    27.9884    -0.1215 0.0000e+00
    618.000     1.3678     1.3353  30.471961    34.9586    27.9890    -0.1011 0.0000e+00
    619.000     1.3662     1.3337  30.472337    34.9603    27.9905    -0.1036 0.0000e+00
    620.000     1.3660     1.3334  30.472913    34.9607    27.9908    -0.1256 0.0000e+00
    621.000     1.3655     1.3329  30.472614    34.9602    27.9905    -0.1206 0.0000e+00
    622.000     1.3617     1.3290  30.469414    34.9599    27.9905    -0.1280 0.0000e+00
    623.000     1.3520     1.3193  30.461926    34.9606    27.9917    -0.1320 0.0000e+00
    624.000     1.3281     1.2954  30.441543    34.9606    27.9934    -0.1284 0.0000e+00
    625.000     1.3154     1.2828  30.430946    34.9606    27.9943    -0.1216 0.0000e+00
    626.000     1.3167     1.2840  30.432078    34.9600    27.9938    -0.1158 0.0000e+00
    627.000     1.3124     1.2796  30.429151    34.9605    27.9945    -0.1104 0.0000e+00
    628.000     1.3122     1.2794  30.429504    34.9605    27.9946    -0.1153 0.0000e+00
    629.000     1.3093     1.2765  30.427610    34.9608    27.9950    -0.1328 0.0000e+00
    630.000     1.3089     1.2760  30.427645    34.9608    27.9950    -0.1178 0.0000e+00
    631.000     1.2961     1.2632  30.416702    34.9605    27.9957    -0.1054 0.0000e+00
    632.000     1.2775     1.2446  30.400454    34.9598    27.9965    -0.1098 0.0000e+00
    633.000     1.2411     1.2084  30.368071    34.9584    27.9978    -0.1193 0.0000e+00
    634.000     1.2121     1.1795  30.341931    34.9567    27.9985    -0.1312 0.0000e+00
    635.000     1.1653     1.1328  30.300106    34.9548    28.0002    -0.1207 0.0000e+00
    636.000     1.1593     1.1268  30.294873    34.9542    28.0001    -0.1086 0.0000e+00
    637.000     1.1579     1.1254  30.293835    34.9538    27.9999    -0.1135 0.0000e+00
    638.000     1.1542     1.1217  30.290945    34.9537    28.0000    -0.1185 0.0000e+00
    639.000     1.1427     1.1102  30.280918    34.9531    28.0003    -0.1071 0.0000e+00
    640.000     1.1328     1.1003  30.272378    34.9526    28.0006    -0.1197 0.0000e+00
    641.000     1.1148     1.0823  30.256561    34.9518    28.0013    -0.1270 0.0000e+00
    642.000     1.1028     1.0703  30.246259    34.9514    28.0018    -0.1173 0.0000e+00
    643.000     1.0941     1.0616  30.238782    34.9510    28.0020    -0.1050 0.0000e+00
    644.000     1.0909     1.0584  30.236179    34.9506    28.0019    -0.1037 0.0000e+00
    645.000     1.0891     1.0565  30.234835    34.9503    28.0018    -0.1080 0.0000e+00
    646.000     1.0770     1.0444  30.223748    34.9490    28.0016    -0.1361 0.0000e+00
    647.000     1.0519     1.0194  30.202769    34.9495    28.0037    -0.1171 0.0000e+00
    648.000     1.0492     1.0167  30.201526    34.9503    28.0045    -0.1090 0.0000e+00
    649.000     1.0451     1.0125  30.198653    34.9507    28.0051    -0.1142 0.0000e+00
    650.000     1.0157     0.9832  30.172283    34.9490    28.0057    -0.1032 0.0000e+00
    651.000     0.9935     0.9611  30.152886    34.9483    28.0066    -0.1291 0.0000e+00
    652.000     0.9901     0.9576  30.149709    34.9475    28.0062    -0.1193 0.0000e+00
    653.000     0.9503     0.9180  30.114096    34.9456    28.0073    -0.1117 0.0000e+00
    654.000     0.9518     0.9195  30.115769    34.9454    28.0071    -0.1080 0.0000e+00
    655.000     0.9544     0.9219  30.118405    34.9454    28.0069    -0.1075 0.0000e+00
    656.000     0.9587     0.9262  30.123482    34.9465    28.0075    -0.1268 0.0000e+00
    657.000     0.9616     0.9290  30.126595    34.9467    28.0075    -0.1205 0.0000e+00
    658.000     0.9638     0.9312  30.129491    34.9474    28.0079    -0.1065 0.0000e+00
    659.000     0.9458     0.9132  30.113151    34.9459    28.0079    -0.1168 0.0000e+00
    660.000     0.8979     0.8655  30.068975    34.9420    28.0078    -0.1288 0.0000e+00
    661.000     0.8247     0.7927  30.004011    34.9395    28.0106    -0.1107 0.0000e+00
    662.000     0.8077     0.7757  29.988182    34.9375    28.0100    -0.1089 0.0000e+00
    663.000     0.7995     0.7675  29.980582    34.9363    28.0096    -0.1063 0.0000e+00
    664.000     0.7966     0.7646  29.978254    34.9359    28.0095    -0.1073 0.0000e+00
    665.000     0.7939     0.7618  29.975947    34.9355    28.0093    -0.1223 0.0000e+00
    666.000     0.7920     0.7598  29.974400    34.9350    28.0091    -0.1318 0.0000e+00
    667.000     0.7763     0.7442  29.960158    34.9336    28.0089    -0.1183 0.0000e+00
    668.000     0.7343     0.7024  29.923557    34.9327    28.0108    -0.1106 0.0000e+00
    669.000     0.7535     0.7214  29.942260    34.9348    28.0113    -0.1215 0.0000e+00
    670.000     0.7636     0.7314  29.951982    34.9355    28.0113    -0.1157 0.0000e+00
    671.000     0.7692     0.7369  29.957917    34.9364    28.0116    -0.1057 0.0000e+00
    672.000     0.7866     0.7542  29.974723    34.9380    28.0118    -0.1305 0.0000e+00
    673.000     0.7937     0.7612  29.981618    34.9384    28.0117    -0.1280 0.0000e+00
    674.000     0.7564     0.7240  29.947191    34.9351    28.0114    -0.1263 0.0000e+00
    675.000     0.6923     0.6603  29.890580    34.9330    28.0138    -0.1269 0.0000e+00
    676.000     0.6699     0.6379  29.870401    34.9314    28.0139    -0.1312 0.0000e+00
    677.000     0.6641     0.6321  29.865952    34.9316    28.0144    -0.1341 0.0000e+00
    678.000     0.6724     0.6402  29.873309    34.9313    28.0136    -0.1127 0.0000e+00
    679.000     0.6196     0.5878  29.826649    34.9293    28.0153    -0.1082 0.0000e+00
    680.000     0.6040     0.5721  29.813383    34.9291    28.0161    -0.1278 0.0000e+00
    681.000     0.5918     0.5600  29.802976    34.9287    28.0165    -0.1231 0.0000e+00
    682.000     0.5793     0.5475  29.792755    34.9288    28.0173    -0.1079 0.0000e+00
    683.000     0.5666     0.5348  29.781230    34.9276    28.0172    -0.1277 0.0000e+00
    684.000     0.5528     0.5210  29.769650    34.9275    28.0179    -0.1267 0.0000e+00
    685.000     0.5578     0.5259  29.774901    34.9281    28.0181    -0.1293 0.0000e+00
    686.000     0.5638     0.5318  29.781175    34.9289    28.0184    -0.1268 0.0000e+00
    687.000     0.5440     0.5121  29.764186    34.9285    28.0193    -0.1085 0.0000e+00
    688.000     0.5466     0.5146  29.766315    34.9278    28.0186    -0.1172 0.0000e+00
    689.000     0.5138     0.4820  29.738177    34.9274    28.0202    -0.1123 0.0000e+00
    690.000     0.5075     0.4757  29.733051    34.9272    28.0205    -0.1213 0.0000e+00
    691.000     0.4999     0.4681  29.727111    34.9274    28.0211    -0.1189 0.0000e+00
    692.000     0.5004     0.4685  29.728213    34.9278    28.0213    -0.1084 0.0000e+00
    693.000     0.5223     0.4902  29.750158    34.9312    28.0228    -0.1058 0.0000e+00
    694.000     0.5306     0.4984  29.758952    34.9327    28.0235    -0.1069 0.0000e+00
    695.000     0.5288     0.4966  29.757794    34.9326    28.0235    -0.1033 0.0000e+00
    696.000     0.4795     0.4476  29.715154    34.9319    28.0259    -0.1036 0.0000e+00
    697.000     0.4739     0.4419  29.710722    34.9319    28.0262    -0.1096 0.0000e+00
    698.000     0.4728     0.4408  29.710498    34.9322    28.0265    -0.1081 0.0000e+00
    699.000     0.4541     0.4222  29.694696    34.9321    28.0276    -0.1100 0.0000e+00
    700.000     0.4458     0.4138  29.687695    34.9317    28.0278    -0.1308 0.0000e+00
    701.000     0.4220     0.3901  29.666673    34.9305    28.0282    -0.1310 0.0000e+00
    702.000     0.3767     0.3450  29.627648    34.9300    28.0305    -0.1090 0.0000e+00
    703.000     0.3602     0.3286  29.613668    34.9298    28.0312    -0.1099 0.0000e+00
    704.000     0.3244     0.2929  29.582785    34.9292    28.0328    -0.1072 0.0000e+00
    705.000     0.2979     0.2665  29.559520    34.9280    28.0334    -0.1126 0.0000e+00
    706.000     0.2829     0.2516  29.545876    34.9265    28.0330    -0.1304 0.0000e+00
    707.000     0.2678     0.2365  29.532969    34.9260    28.0335    -0.1069 0.0000e+00
    708.000     0.2487     0.2175  29.516813    34.9258    28.0344    -0.1049 0.0000e+00
    709.000     0.2462     0.2149  29.515084    34.9258    28.0345    -0.1042 0.0000e+00
    710.000     0.2496     0.2182  29.519005    34.9266    28.0350    -0.1058 0.0000e+00
    711.000     0.2452     0.2139  29.515800    34.9267    28.0353    -0.1136 0.0000e+00
    712.000     0.2278     0.1965  29.500644    34.9259    28.0357    -0.1117 0.0000e+00
    713.000     0.1950     0.1638  29.472210    34.9250    28.0368    -0.1105 0.0000e+00
    714.000     0.1831     0.1519  29.462181    34.9248    28.0372    -0.1249 0.0000e+00
    715.000     0.1732     0.1421  29.453335    34.9237    28.0370    -0.1085 0.0000e+00
    716.000     0.1658     0.1346  29.447289    34.9236    28.0372    -0.1146 0.0000e+00
    717.000     0.1733     0.1420  29.454065    34.9234    28.0367    -0.1242 0.0000e+00
    718.000     0.1615     0.1303  29.443996    34.9229    28.0369    -0.1154 0.0000e+00
    719.000     0.1541     0.1229  29.437920    34.9227    28.0372    -0.1104 0.0000e+00
    720.000     0.1369     0.1057  29.423206    34.9222    28.0378    -0.1078 0.0000e+00
