development/example_data/cnv/atwain_cruise/AT288.cnv
* Sea-Bird SBE 9 Data File:
* FileName = C:\ATWAIN_2017\hex\AT288.hex
* Software Version Seasave V 7.21b
* Temperature SN = 2400
* Conductivity SN = 3234
* Number of Bytes Per Scan = 34
* Number of Voltage Words = 4
* Number of Scans Averaged by the Deck Unit = 1
* NMEA baud rate = 4800
** ATWAIN 2017
** R/V Lance
** Sounding depth: 318
** Latitude: 80 01.9103
** Longitude: 10 53.8383
# nquan = 8
# nvalues = 317                         
# units = specified
# name 0 = prDM: Pressure, Digiquartz [db]
# name 1 = t090C: Temperature [ITS-90, deg C]
# name 2 = potemp090C: Potential Temperature [ITS-90, deg C]
# name 3 = c0mS/cm: Conductivity [mS/cm]
# name 4 = sal00: Salinity, Practical [PSU]
# name 5 = sigma-é00: Density [sigma-theta, kg/m^3]
# name 6 = flECO-AFL: Fluorescence, WET Labs ECO-AFL/FL [mg/m^3]
# name 7 = flag: flag
# span 0 =      3.000,    319.000       
# span 1 =     4.6001,     6.4830       
# span 2 =     4.5760,     6.4767       
# span 3 =  33.245411,  34.878375       
# span 4 =    34.5244,    35.0827       
# span 5 =    27.2145,    27.7495       
# span 6 =    -0.1059,     1.1872       
# span 7 = 0.0000e+00, 0.0000e+00       
# interval = decibars: 1                
# start_time = Sep 24 2017 21:03:24 [System UTC, first data scan.]
# bad_flag = -9.990e-29
*END*
      3.000     5.7114     5.7111  33.725599    34.5695    27.2487     1.1872 0.0000e+00
      4.000     5.7004     5.7001  33.676541    34.5244    27.2145     1.1343 0.0000e+00
      5.000     5.7012     5.7008  33.681935    34.5293    27.2182     1.0550 0.0000e+00
      6.000     5.7052     5.7047  33.687474    34.5309    27.2190     1.0387 0.0000e+00
      7.000     5.7104     5.7098  33.694555    34.5331    27.2201     1.1320 0.0000e+00
      8.000     5.7181     5.7174  33.704655    34.5362    27.2216     1.1327 0.0000e+00
      9.000     5.7216     5.7208  33.710107    34.5383    27.2229     1.1044 0.0000e+00
     10.000     5.7105     5.7097  33.695270    34.5322    27.2195     1.0401 0.0000e+00
     11.000     5.7262     5.7253  33.718759    34.5424    27.2256     1.1082 0.0000e+00
     12.000     5.7500     5.7491  33.750935    34.5540    27.2318     1.0836 0.0000e+00
     13.000     5.8319     5.8308  33.863924    34.5978    27.2562     1.0118 0.0000e+00
     14.000     5.8847     5.8835  33.944459    34.6345    27.2786     1.0124 0.0000e+00
     15.000     5.9765     5.9753  34.077079    34.6899    27.3108     0.9121 0.0000e+00
     16.000     5.9926     5.9913  34.100491    34.6993    27.3162     0.8469 0.0000e+00
     17.000     5.9912     5.9897  34.103280    34.7034    27.3197     0.7529 0.0000e+00
     18.000     5.9941     5.9926  34.117650    34.7161    27.3293     0.7637 0.0000e+00
     19.000     5.9737     5.9721  34.106437    34.7239    27.3381     0.7265 0.0000e+00
     20.000     5.9352     5.9335  34.080690    34.7338    27.3508     0.6257 0.0000e+00
     21.000     5.9282     5.9265  34.083677    34.7438    27.3596     0.6359 0.0000e+00
     22.000     5.9328     5.9310  34.090105    34.7459    27.3607     0.5690 0.0000e+00
     23.000     5.9393     5.9374  34.097597    34.7471    27.3609     0.5919 0.0000e+00
     24.000     5.9420     5.9400  34.102588    34.7495    27.3624     0.5573 0.0000e+00
     25.000     5.9359     5.9338  34.100115    34.7525    27.3656     0.5110 0.0000e+00
     26.000     5.9310     5.9289  34.095311    34.7515    27.3654     0.5359 0.0000e+00
     27.000     5.9059     5.9037  34.074472    34.7532    27.3700     0.5797 0.0000e+00
     28.000     5.8994     5.8970  34.070495    34.7550    27.3722     0.5619 0.0000e+00
     29.000     5.8994     5.8970  34.072792    34.7570    27.3737     0.5761 0.0000e+00
     30.000     5.9063     5.9038  34.084065    34.7622    27.3770     0.6366 0.0000e+00
     31.000     5.9189     5.9163  34.106083    34.7736    27.3845     0.6312 0.0000e+00
     32.000     5.9199     5.9173  34.108724    34.7750    27.3854     0.6443 0.0000e+00
     33.000     5.9282     5.9254  34.124623    34.7840    27.3915     0.6285 0.0000e+00
     34.000     5.9297     5.9268  34.129130    34.7871    27.3938     0.6692 0.0000e+00
     35.000     5.9197     5.9167  34.122352    34.7892    27.3967     0.6290 0.0000e+00
     36.000     5.9234     5.9204  34.130863    34.7944    27.4004     0.6036 0.0000e+00
     37.000     5.9261     5.9230  34.136604    34.7976    27.4026     0.6217 0.0000e+00
     38.000     5.9110     5.9078  34.127756    34.8027    27.4086     0.6003 0.0000e+00
     39.000     5.9093     5.9060  34.128620    34.8049    27.4105     0.5636 0.0000e+00
     40.000     5.9062     5.9028  34.126876    34.8056    27.4115     0.5807 0.0000e+00
     41.000     5.9341     5.9307  34.159064    34.8128    27.4136     0.5116 0.0000e+00
     42.000     5.9490     5.9455  34.176097    34.8162    27.4144     0.5373 0.0000e+00
     43.000     5.9707     5.9671  34.204514    34.8255    27.4190     0.5242 0.0000e+00
     44.000     5.9952     5.9915  34.235104    34.8343    27.4229     0.5477 0.0000e+00
     45.000     6.0214     6.0176  34.264859    34.8404    27.4244     0.5700 0.0000e+00
     46.000     6.0261     6.0222  34.272321    34.8435    27.4262     0.5822 0.0000e+00
     47.000     6.0370     6.0330  34.284866    34.8460    27.4268     0.6303 0.0000e+00
     48.000     6.0520     6.0479  34.305321    34.8531    27.4305     0.6532 0.0000e+00
     49.000     6.0505     6.0463  34.304981    34.8538    27.4312     0.6971 0.0000e+00
     50.000     6.0511     6.0468  34.306510    34.8544    27.4316     0.6459 0.0000e+00
     51.000     6.0486     6.0443  34.304964    34.8547    27.4322     0.6864 0.0000e+00
     52.000     6.0360     6.0316  34.293072    34.8537    27.4331     0.7460 0.0000e+00
     53.000     6.0280     6.0235  34.285732    34.8531    27.4336     0.6259 0.0000e+00
     54.000     6.0278     6.0232  34.286677    34.8539    27.4343     0.6024 0.0000e+00
     55.000     6.0326     6.0280  34.295595    34.8584    27.4373     0.5872 0.0000e+00
     56.000     6.0574     6.0527  34.325273    34.8659    27.4400     0.5690 0.0000e+00
     57.000     6.1093     6.1044  34.386400    34.8810    27.4452     0.6091 0.0000e+00
     58.000     6.1608     6.1558  34.447411    34.8962    27.4507     0.6289 0.0000e+00
     59.000     6.2158     6.2107  34.519544    34.9203    27.4625     0.6098 0.0000e+00
     60.000     6.2511     6.2459  34.566077    34.9358    27.4701     0.6877 0.0000e+00
     61.000     6.2934     6.2880  34.620273    34.9527    27.4780     0.6748 0.0000e+00
     62.000     6.3273     6.3219  34.662877    34.9651    27.4833     0.6674 0.0000e+00
     63.000     6.3653     6.3597  34.711999    34.9806    27.4906     0.6532 0.0000e+00
     64.000     6.4127     6.4071  34.773379    35.0001    27.4997     0.7401 0.0000e+00
     65.000     6.4424     6.4367  34.812955    35.0133    27.5062     0.6957 0.0000e+00
     66.000     6.4519     6.4461  34.826725    35.0185    27.5090     0.6619 0.0000e+00
     67.000     6.4650     6.4591  34.846994    35.0271    27.5141     0.6808 0.0000e+00
     68.000     6.4735     6.4675  34.859370    35.0317    27.5166     0.6299 0.0000e+00
     69.000     6.4756     6.4694  34.863231    35.0334    27.5177     0.6328 0.0000e+00
     70.000     6.4805     6.4743  34.871104    35.0366    27.5196     0.6237 0.0000e+00
     71.000     6.4830     6.4767  34.875534    35.0385    27.5207     0.7107 0.0000e+00
     72.000     6.4827     6.4763  34.877334    35.0403    27.5222     0.6120 0.0000e+00
     73.000     6.4806     6.4741  34.878375    35.0431    27.5247     0.6069 0.0000e+00
     74.000     6.4550     6.4484  34.855084    35.0429    27.5280     0.5823 0.0000e+00
     75.000     6.4283     6.4217  34.828754    35.0404    27.5295     0.6941 0.0000e+00
     76.000     6.4142     6.4075  34.814177    35.0381    27.5296     0.5878 0.0000e+00
     77.000     6.4071     6.4003  34.807824    35.0378    27.5303     0.5800 0.0000e+00
     78.000     6.4021     6.3953  34.803034    35.0369    27.5303     0.5913 0.0000e+00
     79.000     6.3964     6.3894  34.797261    35.0359    27.5303     0.6035 0.0000e+00
     80.000     6.3875     6.3804  34.788591    35.0348    27.5306     0.5860 0.0000e+00
     81.000     6.3744     6.3673  34.775818    35.0335    27.5313     0.5690 0.0000e+00
     82.000     6.3571     6.3499  34.758900    35.0318    27.5323     0.5778 0.0000e+00
     83.000     6.3395     6.3322  34.742329    35.0309    27.5339     0.5487 0.0000e+00
     84.000     6.3479     6.3405  34.753437    35.0342    27.5354     0.4822 0.0000e+00
     85.000     6.3457     6.3382  34.751140    35.0333    27.5350     0.5364 0.0000e+00
     86.000     6.3249     6.3173  34.730705    35.0313    27.5362     0.5066 0.0000e+00
     87.000     6.2746     6.2670  34.679943    35.0256    27.5383     0.4644 0.0000e+00
     88.000     6.2433     6.2356  34.648974    35.0226    27.5401     0.5197 0.0000e+00
     89.000     6.2060     6.1983  34.611611    35.0185    27.5417     0.5185 0.0000e+00
     90.000     6.1778     6.1700  34.584179    35.0162    27.5436     0.4619 0.0000e+00
     91.000     6.1634     6.1555  34.570091    35.0146    27.5442     0.4631 0.0000e+00
     92.000     6.1276     6.1196  34.535161    35.0117    27.5466     0.4652 0.0000e+00
     93.000     6.0357     6.0277  34.445339    35.0048    27.5530     0.4495 0.0000e+00
     94.000     5.9329     5.9249  34.344442    34.9965    27.5596     0.4324 0.0000e+00
     95.000     5.8885     5.8804  34.309112    35.0019    27.5695     0.3535 0.0000e+00
     96.000     5.8864     5.8783  34.312461    35.0073    27.5741     0.3330 0.0000e+00
     97.000     5.8859     5.8777  34.313155    35.0082    27.5748     0.3444 0.0000e+00
     98.000     5.8794     5.8711  34.309597    35.0103    27.5773     0.3106 0.0000e+00
     99.000     5.8491     5.8408  34.280060    35.0077    27.5791     0.2707 0.0000e+00
    100.000     5.8198     5.8114  34.255835    35.0100    27.5847     0.3080 0.0000e+00
    101.000     5.7926     5.7841  34.238860    35.0184    27.5948     0.3109 0.0000e+00
    102.000     5.7739     5.7653  34.231417    35.0289    27.6054     0.2707 0.0000e+00
    103.000     5.7715     5.7629  34.229923    35.0291    27.6059     0.1900 0.0000e+00
    104.000     5.7653     5.7566  34.224984    35.0294    27.6069     0.1590 0.0000e+00
    105.000     5.7534     5.7447  34.215270    35.0302    27.6090     0.1771 0.0000e+00
    106.000     5.7558     5.7469  34.217644    35.0299    27.6085     0.1563 0.0000e+00
    107.000     5.7559     5.7470  34.217929    35.0296    27.6083     0.1702 0.0000e+00
    108.000     5.7525     5.7435  34.215208    35.0296    27.6087     0.1598 0.0000e+00
    109.000     5.7408     5.7317  34.205761    35.0304    27.6108     0.1707 0.0000e+00
    110.000     5.7381     5.7289  34.203681    35.0303    27.6111     0.1671 0.0000e+00
    111.000     5.7296     5.7204  34.196118    35.0300    27.6119     0.1745 0.0000e+00
    112.000     5.7118     5.7025  34.180583    35.0304    27.6144     0.1412 0.0000e+00
    113.000     5.7050     5.6956  34.175908    35.0315    27.6162     0.1407 0.0000e+00
    114.000     5.6990     5.6895  34.170976    35.0317    27.6171     0.1514 0.0000e+00
    115.000     5.6836     5.6741  34.157519    35.0318    27.6191     0.1388 0.0000e+00
    116.000     5.6793     5.6697  34.154189    35.0319    27.6198     0.1311 0.0000e+00
    117.000     5.6773     5.6676  34.153652    35.0329    27.6208     0.1337 0.0000e+00
    118.000     5.6680     5.6582  34.145839    35.0332    27.6222     0.1388 0.0000e+00
    119.000     5.6593     5.6495  34.138140    35.0329    27.6230     0.1370 0.0000e+00
    120.000     5.6457     5.6358  34.126408    35.0332    27.6250     0.1262 0.0000e+00
    121.000     5.6257     5.6157  34.108634    35.0332    27.6274     0.1178 0.0000e+00
    122.000     5.6168     5.6067  34.101042    35.0333    27.6287     0.0645 0.0000e+00
    123.000     5.6128     5.6026  34.098016    35.0335    27.6293     0.0727 0.0000e+00
    124.000     5.6113     5.6011  34.096873    35.0332    27.6293     0.1055 0.0000e+00
    125.000     5.6018     5.5915  34.088405    35.0329    27.6302     0.0626 0.0000e+00
    126.000     5.5940     5.5836  34.081409    35.0325    27.6309     0.0590 0.0000e+00
    127.000     5.5920     5.5815  34.080037    35.0325    27.6312     0.0698 0.0000e+00
    128.000     5.5916     5.5810  34.079692    35.0320    27.6308     0.0721 0.0000e+00
    129.000     5.5872     5.5765  34.075895    35.0317    27.6312     0.0724 0.0000e+00
    130.000     5.5602     5.5495  34.051564    35.0315    27.6343     0.0578 0.0000e+00
    131.000     5.5497     5.5390  34.042448    35.0315    27.6356     0.0302 0.0000e+00
    132.000     5.5494     5.5386  34.043362    35.0323    27.6363     0.0323 0.0000e+00
    133.000     5.5544     5.5435  34.047742    35.0316    27.6352     0.0590 0.0000e+00
    134.000     5.5594     5.5484  34.054548    35.0336    27.6361     0.0686 0.0000e+00
    135.000     5.5503     5.5392  34.047941    35.0350    27.6384     0.0478 0.0000e+00
    136.000     5.5336     5.5224  34.033795    35.0358    27.6410     0.0328 0.0000e+00
    137.000     5.5266     5.5153  34.027499    35.0354    27.6416     0.0297 0.0000e+00
    138.000     5.5172     5.5058  34.019364    35.0353    27.6428     0.0498 0.0000e+00
    139.000     5.5118     5.5004  34.015054    35.0354    27.6435     0.0169 0.0000e+00
    140.000     5.5113     5.4998  34.014820    35.0352    27.6434     0.0317 0.0000e+00
    141.000     5.5046     5.4930  34.009173    35.0352    27.6442     0.0192 0.0000e+00
    142.000     5.4857     5.4741  33.991547    35.0342    27.6458     0.0290 0.0000e+00
    143.000     5.4613     5.4496  33.967214    35.0313    27.6464     0.0039 0.0000e+00
    144.000     5.4259     5.4142  33.932789    35.0282    27.6483     0.0197 0.0000e+00
    145.000     5.4281     5.4163  33.935410    35.0284    27.6482     0.0225 0.0000e+00
    146.000     5.4094     5.3976  33.918443    35.0279    27.6501    -0.0023 0.0000e+00
    147.000     5.3895     5.3776  33.898882    35.0257    27.6508     0.0140 0.0000e+00
    148.000     5.3749     5.3630  33.886712    35.0265    27.6531    -0.0050 0.0000e+00
    149.000     5.3729     5.3609  33.889275    35.0310    27.6569    -0.0063 0.0000e+00
    150.000     5.3573     5.3452  33.878614    35.0345    27.6616     0.0043 0.0000e+00
    151.000     5.3455     5.3333  33.874609    35.0418    27.6688    -0.0036 0.0000e+00
    152.000     5.3593     5.3470  33.892416    35.0472    27.6715    -0.0363 0.0000e+00
    153.000     5.3735     5.3611  33.909262    35.0513    27.6730    -0.0312 0.0000e+00
    154.000     5.3772     5.3647  33.914320    35.0527    27.6737    -0.0348 0.0000e+00
    155.000     5.3837     5.3712  33.921830    35.0539    27.6739    -0.0401 0.0000e+00
    156.000     5.3790     5.3663  33.917747    35.0537    27.6743    -0.0598 0.0000e+00
    157.000     5.3598     5.3471  33.899513    35.0523    27.6755    -0.0387 0.0000e+00
    158.000     5.3532     5.3404  33.893234    35.0514    27.6756    -0.0567 0.0000e+00
    159.000     5.3567     5.3439  33.896053    35.0505    27.6745    -0.0699 0.0000e+00
    160.000     5.3579     5.3450  33.896814    35.0496    27.6736    -0.0515 0.0000e+00
    161.000     5.3590     5.3460  33.897789    35.0490    27.6731    -0.0687 0.0000e+00
    162.000     5.3575     5.3444  33.896992    35.0491    27.6733    -0.0554 0.0000e+00
    163.000     5.3555     5.3423  33.895531    35.0490    27.6735    -0.0716 0.0000e+00
    164.000     5.3355     5.3223  33.877038    35.0482    27.6752    -0.0583 0.0000e+00
    165.000     5.2775     5.2642  33.824325    35.0477    27.6819    -0.0385 0.0000e+00
    166.000     5.2731     5.2597  33.820507    35.0474    27.6822    -0.0730 0.0000e+00
    167.000     5.2723     5.2589  33.820797    35.0480    27.6827    -0.0690 0.0000e+00
    168.000     5.2785     5.2651  33.826360    35.0474    27.6815    -0.0708 0.0000e+00
    169.000     5.2757     5.2622  33.823818    35.0469    27.6814    -0.0692 0.0000e+00
    170.000     5.2758     5.2622  33.824638    35.0472    27.6817    -0.0712 0.0000e+00
    171.000     5.2691     5.2554  33.817886    35.0459    27.6815    -0.0715 0.0000e+00
    172.000     5.2554     5.2416  33.804302    35.0441    27.6817    -0.0537 0.0000e+00
    173.000     5.2487     5.2349  33.798952    35.0444    27.6827    -0.0693 0.0000e+00
    174.000     5.2516     5.2377  33.803368    35.0459    27.6836    -0.0503 0.0000e+00
    175.000     5.2405     5.2265  33.793812    35.0461    27.6851    -0.0661 0.0000e+00
    176.000     5.2431     5.2290  33.797965    35.0476    27.6860    -0.0721 0.0000e+00
    177.000     5.2386     5.2244  33.794369    35.0476    27.6865    -0.0722 0.0000e+00
    178.000     5.2376     5.2233  33.793865    35.0476    27.6866    -0.0473 0.0000e+00
    179.000     5.2381     5.2238  33.794919    35.0477    27.6867    -0.0639 0.0000e+00
    180.000     5.2405     5.2261  33.799197    35.0496    27.6879    -0.0706 0.0000e+00
    181.000     5.2443     5.2297  33.804005    35.0507    27.6884    -0.0743 0.0000e+00
