development/example_data/cnv/atwain_cruise/AT283.cnv
* Sea-Bird SBE 9 Data File:
* FileName = C:\ATWAIN_2017\hex\AT283.hex
* Software Version Seasave V 7.21b
* Temperature SN = 2400
* Conductivity SN = 3234
* Number of Bytes Per Scan = 34
* Number of Voltage Words = 4
* Number of Scans Averaged by the Deck Unit = 1
* NMEA baud rate = 4800
** ATWAIN 2017
** R/V Lance
** Sounding depth: 607
** Latitude: 80 17.4920
** Longitude: 008 54.4540
# nquan = 8
# nvalues = 598                         
# units = specified
# name 0 = prDM: Pressure, Digiquartz [db]
# name 1 = t090C: Temperature [ITS-90, deg C]
# name 2 = potemp090C: Potential Temperature [ITS-90, deg C]
# name 3 = c0mS/cm: Conductivity [mS/cm]
# name 4 = sal00: Salinity, Practical [PSU]
# name 5 = sigma-é00: Density [sigma-theta, kg/m^3]
# name 6 = flECO-AFL: Fluorescence, WET Labs ECO-AFL/FL [mg/m^3]
# name 7 = flag: flag
# span 0 =      4.000,    601.000       
# span 1 =     1.9858,     6.6492       
# span 2 =     1.9513,     6.6467       
# span 3 =  31.032514,  35.013629       
# span 4 =    34.7530,    35.1213       
# span 5 =    27.3696,    27.9699       
# span 6 =    -0.1315,     2.0603       
# span 7 = 0.0000e+00, 0.0000e+00       
# interval = decibars: 1                
# start_time = Sep 24 2017 14:58:53 [System UTC, first data scan.]
# bad_flag = -9.990e-29
*END*
[from data line 540]
    544.000     2.6903     2.6562  31.650612    35.0203    27.9325    -0.1269 0.0000e+00
    545.000     2.6857     2.6515  31.647058    35.0204    27.9330    -0.1256 0.0000e+00
    546.000     2.6600     2.6259  31.623395    35.0187    27.9340    -0.1256 0.0000e+00
    547.000     2.6692     2.6350  31.632352    35.0191    27.9335    -0.0982 0.0000e+00
    548.000     2.5780     2.5441  31.549763    35.0163    27.9392    -0.1020 0.0000e+00
    549.000     2.5625     2.5286  31.536563    35.0164    27.9406    -0.1040 0.0000e+00
    550.000     2.5458     2.5119  31.521101    35.0150    27.9409    -0.1027 0.0000e+00
    551.000     2.5472     2.5133  31.522849    35.0150    27.9409    -0.1162 0.0000e+00
    552.000     2.5526     2.5186  31.527472    35.0143    27.9398    -0.1107 0.0000e+00
    553.000     2.5493     2.5152  31.524966    35.0142    27.9401    -0.1271 0.0000e+00
    554.000     2.5467     2.5125  31.522809    35.0139    27.9400    -0.1235 0.0000e+00
    555.000     2.5430     2.5088  31.519811    35.0137    27.9402    -0.1029 0.0000e+00
    556.000     2.5441     2.5099  31.521189    35.0135    27.9400    -0.1043 0.0000e+00
    557.000     2.5484     2.5141  31.525389    35.0135    27.9396    -0.1025 0.0000e+00
    558.000     2.5424     2.5080  31.519956    35.0129    27.9396    -0.1212 0.0000e+00
    559.000     2.5338     2.4994  31.513029    35.0131    27.9405    -0.1281 0.0000e+00
    560.000     2.5252     2.4907  31.505909    35.0132    27.9413    -0.1157 0.0000e+00
    561.000     2.5107     2.4762  31.492522    35.0119    27.9416    -0.1079 0.0000e+00
    562.000     2.5167     2.4822  31.498687    35.0124    27.9414    -0.1142 0.0000e+00
    563.000     2.5006     2.4661  31.484192    35.0115    27.9421    -0.1215 0.0000e+00
    564.000     2.4954     2.4609  31.480175    35.0116    27.9427    -0.1104 0.0000e+00
    565.000     2.4948     2.4602  31.479743    35.0112    27.9424    -0.1101 0.0000e+00
    566.000     2.4966     2.4619  31.481864    35.0113    27.9424    -0.1289 0.0000e+00
    567.000     2.4978     2.4630  31.483153    35.0111    27.9421    -0.1268 0.0000e+00
    568.000     2.4987     2.4638  31.484302    35.0110    27.9420    -0.1201 0.0000e+00
    569.000     2.4968     2.4619  31.483197    35.0111    27.9422    -0.1115 0.0000e+00
    570.000     2.4941     2.4591  31.481180    35.0110    27.9424    -0.1279 0.0000e+00
    571.000     2.4887     2.4537  31.476793    35.0110    27.9428    -0.1272 0.0000e+00
    572.000     2.4899     2.4548  31.478151    35.0107    27.9425    -0.1071 0.0000e+00
    573.000     2.4863     2.4512  31.475282    35.0106    27.9427    -0.1111 0.0000e+00
    574.000     2.4842     2.4490  31.473792    35.0105    27.9428    -0.1077 0.0000e+00
    575.000     2.4797     2.4444  31.469925    35.0101    27.9429    -0.1076 0.0000e+00
    576.000     2.4736     2.4384  31.465249    35.0104    27.9436    -0.1201 0.0000e+00
    577.000     2.4711     2.4358  31.463199    35.0100    27.9436    -0.1169 0.0000e+00
    578.000     2.4650     2.4297  31.458067    35.0098    27.9439    -0.1217 0.0000e+00
    579.000     2.4631     2.4277  31.456752    35.0097    27.9440    -0.1283 0.0000e+00
    580.000     2.4615     2.4260  31.455669    35.0096    27.9441    -0.1157 0.0000e+00
    581.000     2.4573     2.4218  31.452315    35.0094    27.9443    -0.1031 0.0000e+00
    582.000     2.4414     2.4060  31.437979    35.0085    27.9449    -0.1031 0.0000e+00
    583.000     2.4214     2.3859  31.420828    35.0086    27.9467    -0.1007 0.0000e+00
    584.000     2.4079     2.3724  31.408972    35.0082    27.9475    -0.1043 0.0000e+00
    585.000     2.3761     2.3407  31.379393    35.0057    27.9482    -0.1023 0.0000e+00
    586.000     2.2693     2.2343  31.285428    35.0055    27.9570    -0.1032 0.0000e+00
    587.000     2.1761     2.1415  31.201289    35.0023    27.9621    -0.1036 0.0000e+00
    588.000     2.1267     2.0923  31.157493    35.0015    27.9654    -0.1181 0.0000e+00
    589.000     2.0831     2.0488  31.118134    34.9997    27.9675    -0.1072 0.0000e+00
    590.000     2.0585     2.0243  31.095779    34.9981    27.9683    -0.1030 0.0000e+00
    591.000     2.0429     2.0087  31.081632    34.9971    27.9687    -0.1017 0.0000e+00
    592.000     2.0286     1.9944  31.068616    34.9960    27.9690    -0.1009 0.0000e+00
    593.000     2.0121     1.9779  31.054117    34.9955    27.9699    -0.1214 0.0000e+00
    594.000     2.0104     1.9762  31.052703    34.9950    27.9696    -0.1002 0.0000e+00
    595.000     2.0092     1.9749  31.051857    34.9946    27.9695    -0.1008 0.0000e+00
    596.000     2.0032     1.9688  31.046551    34.9941    27.9695    -0.1005 0.0000e+00
    597.000     1.9968     1.9625  31.041365    34.9940    27.9699    -0.1107 0.0000e+00
    598.000     1.9944     1.9600  31.039169    34.9933    27.9696    -0.1018 0.0000e+00
    599.000     1.9934     1.9589  31.038323    34.9929    27.9693    -0.1205 0.0000e+00
    600.000     1.9894     1.9549  31.035333    34.9930    27.9697    -0.1101 0.0000e+00
    601.000     1.9858     1.9513  31.032514    34.9928    27.9699    -0.1038 0.0000e+00
