development/example_data/cnv/atwain_cruise/AT289.cnv
* Sea-Bird SBE 9 Data File:
* FileName = C:\ATWAIN_2017\hex\AT289.hex
* Software Version Seasave V 7.21b
* Temperature SN = 2400
* Conductivity SN = 3234
* Number of Bytes Per Scan = 34
* Number of Voltage Words = 4
* Number of Scans Averaged by the Deck Unit = 1
* NMEA baud rate = 4800
** ATWAIN 2017
** R/V Lance
** Sounding depth: 245
** Latitude: 80 01.4859
** Longitude: 11 00.1848
# nquan = 8
# nvalues = 233                         
# units = specified
# name 0 = prDM: Pressure, Digiquartz [db]
# name 1 = t090C: Temperature [ITS-90, deg C]
# name 2 = potemp090C: Potential Temperature [ITS-90, deg C]
# name 3 = c0mS/cm: Conductivity [mS/cm]
# name 4 = sal00: Salinity, Practical [PSU]
# name 5 = sigma-é00: Density [sigma-theta, kg/m^3]
# name 6 = flECO-AFL: Fluorescence, WET Labs ECO-AFL/FL [mg/m^3]
# name 7 = flag: flag
# span 0 =      2.000,    234.000       
# span 1 =     4.6429,     6.5787       
# span 2 =     4.6252,     6.5729       
# span 3 =  33.260295,  34.962787       
# span 4 =    34.4007,    35.0933       
# span 5 =    27.1333,    27.7402       
# span 6 =    -0.1070,     1.0583       
# span 7 = 0.0000e+00, 0.0000e+00       
# interval = decibars: 1                
# start_time = Sep 24 2017 21:41:27 [System UTC, first data scan.]
# bad_flag = -9.990e-29
*END*
[from data line 180]
    182.000     4.8172     4.8032  33.407069    35.0391    27.7292    -0.0806 0.0000e+00
    183.000     4.8139     4.7998  33.404093    35.0386    27.7291    -0.0946 0.0000e+00
    184.000     4.8117     4.7976  33.402062    35.0380    27.7289    -0.0653 0.0000e+00
    185.000     4.7975     4.7833  33.388747    35.0369    27.7297    -0.0995 0.0000e+00
    186.000     4.7889     4.7746  33.381380    35.0369    27.7307    -0.0741 0.0000e+00
    187.000     4.7866     4.7723  33.379081    35.0361    27.7302    -0.0841 0.0000e+00
    188.000     4.7513     4.7370  33.346424    35.0347    27.7332    -0.0682 0.0000e+00
    189.000     4.7456     4.7311  33.341159    35.0341    27.7334    -0.0861 0.0000e+00
    190.000     4.7426     4.7281  33.338562    35.0337    27.7334    -0.0642 0.0000e+00
    191.000     4.7356     4.7211  33.332235    35.0331    27.7337    -0.0720 0.0000e+00
    192.000     4.7171     4.7025  33.315604    35.0327    27.7355    -0.1013 0.0000e+00
    193.000     4.7136     4.6990  33.312850    35.0326    27.7359    -0.0790 0.0000e+00
    194.000     4.7152     4.7004  33.314171    35.0320    27.7352    -0.0832 0.0000e+00
    195.000     4.7159     4.7010  33.315177    35.0319    27.7351    -0.1016 0.0000e+00
    196.000     4.7127     4.6978  33.312713    35.0318    27.7354    -0.0747 0.0000e+00
    197.000     4.7131     4.6981  33.313212    35.0315    27.7350    -0.0923 0.0000e+00
    198.000     4.7140     4.6990  33.314552    35.0315    27.7350    -0.1008 0.0000e+00
    199.000     4.6886     4.6735  33.291774    35.0312    27.7376    -0.0955 0.0000e+00
    200.000     4.6715     4.6564  33.276835    35.0313    27.7396    -0.0786 0.0000e+00
    201.000     4.6675     4.6523  33.273809    35.0315    27.7402    -0.1001 0.0000e+00
    202.000     4.6670     4.6517  33.273365    35.0310    27.7399    -0.0913 0.0000e+00
    203.000     4.6684     4.6530  33.275054    35.0309    27.7397    -0.0693 0.0000e+00
    204.000     4.6731     4.6577  33.279489    35.0306    27.7389    -0.0670 0.0000e+00
    205.000     4.6705     4.6550  33.277777    35.0308    27.7394    -0.0910 0.0000e+00
    206.000     4.6735     4.6579  33.280763    35.0306    27.7389    -0.0713 0.0000e+00
    207.000     4.6732     4.6575  33.280958    35.0306    27.7389    -0.0692 0.0000e+00
    208.000     4.6724     4.6566  33.280622    35.0305    27.7390    -0.0906 0.0000e+00
    209.000     4.6670     4.6511  33.276025    35.0303    27.7394    -0.0857 0.0000e+00
    210.000     4.6564     4.6405  33.266128    35.0294    27.7399    -0.0681 0.0000e+00
    211.000     4.6532     4.6373  33.263407    35.0290    27.7400    -0.0663 0.0000e+00
    212.000     4.6497     4.6336  33.260295    35.0286    27.7401    -0.0911 0.0000e+00
    213.000     4.6498     4.6337  33.260936    35.0287    27.7401    -0.0725 0.0000e+00
    214.000     4.6503     4.6340  33.261795    35.0287    27.7401    -0.0885 0.0000e+00
    215.000     4.6501     4.6339  33.262060    35.0286    27.7400    -0.0944 0.0000e+00
    216.000     4.6503     4.6339  33.262596    35.0286    27.7400    -0.0885 0.0000e+00
    217.000     4.6507     4.6343  33.263522    35.0286    27.7400    -0.1000 0.0000e+00
    218.000     4.6509     4.6343  33.264032    35.0286    27.7399    -0.0852 0.0000e+00
    219.000     4.6514     4.6348  33.264920    35.0285    27.7398    -0.0996 0.0000e+00
    220.000     4.6511     4.6344  33.265146    35.0286    27.7399    -0.0777 0.0000e+00
    221.000     4.6512     4.6344  33.265612    35.0285    27.7398    -0.0797 0.0000e+00
    222.000     4.6513     4.6345  33.266161    35.0284    27.7398    -0.0685 0.0000e+00
    223.000     4.6513     4.6344  33.266710    35.0286    27.7399    -0.0686 0.0000e+00
    224.000     4.6517     4.6348  33.267676    35.0287    27.7400    -0.0762 0.0000e+00
    225.000     4.6512     4.6341  33.267496    35.0285    27.7399    -0.0765 0.0000e+00
    226.000     4.6505     4.6334  33.267446    35.0286    27.7401    -0.0779 0.0000e+00
    227.000     4.6512     4.6340  33.268626    35.0287    27.7401    -0.0819 0.0000e+00
    228.000     4.6526     4.6353  33.270337    35.0288    27.7400    -0.1038 0.0000e+00
    229.000     4.6527     4.6354  33.270957    35.0288    27.7400    -0.0756 0.0000e+00
    230.000     4.6526     4.6351  33.271298    35.0288    27.7401    -0.0786 0.0000e+00
    231.000     4.6523     4.6348  33.271528    35.0288    27.7401    -0.0758 0.0000e+00
    232.000     4.6508     4.6332  33.270265    35.0285    27.7400    -0.0890 0.0000e+00
    233.000     4.6498     4.6322  33.269554    35.0281    27.7398    -0.0788 0.0000e+00
    234.000     4.6429     4.6252  33.263327    35.0276    27.7402    -0.0802 0.0000e+00
