development/example_data/cnv/atwain_cruise/AT284.cnv
* Sea-Bird SBE 9 Data File:
* FileName = C:\ATWAIN_2017\hex\AT284.hex
* Software Version Seasave V 7.21b
* Temperature SN = 2400
* Conductivity SN = 3234
* Number of Bytes Per Scan = 34
* Number of Voltage Words = 4
* Number of Scans Averaged by the Deck Unit = 1
* NMEA baud rate = 4800
** ATWAIN 2017
** R/V Lance
** Sounding depth: 534
** Latitude: 80 10.5121
** Longitude: 009 00.6837
# nquan = 8
# nvalues = 524                         
# units = specified
# name 0 = prDM: Pressure, Digiquartz [db]
# name 1 = t090C: Temperature [ITS-90, deg C]
# name 2 = potemp090C: Potential Temperature [ITS-90, deg C]
# name 3 = c0mS/cm: Conductivity [mS/cm]
# name 4 = sal00: Salinity, Practical [PSU]
# name 5 = sigma-é00: Density [sigma-theta, kg/m^3]
# name 6 = flECO-AFL: Fluorescence, WET Labs ECO-AFL/FL [mg/m^3]
# name 7 = flag: flag
# span 0 =      2.000,    525.000       
# span 1 =     2.6548,     6.5465       
# span 2 =     2.6221,     6.5421       
# span 3 =  31.614451,  34.908972       
# span 4 =    34.7879,    35.1120       
# span 5 =    27.3727,    27.9403       
# span 6 =    -0.1264,     1.8092       
# span 7 = 0.0000e+00, 0.0000e+00       
# interval = decibars: 1                
# start_time = Sep 24 2017 16:23:28 [System UTC, first data scan.]
# bad_flag = -9.990e-29
*END*
[from data line 180]
    182.000     4.9731     4.9589  33.603186    35.1028    27.7617    -0.1000 0.0000e+00
    183.000     4.9753     4.9610  33.607421    35.1049    27.7631    -0.1038 0.0000e+00
    184.000     4.9569     4.9425  33.590669    35.1043    27.7648    -0.0961 0.0000e+00
    185.000     4.9497     4.9353  33.583792    35.1033    27.7648    -0.0988 0.0000e+00
    186.000     4.9321     4.9176  33.567309    35.1023    27.7660    -0.0963 0.0000e+00
    187.000     4.9109     4.8964  33.547496    35.1010    27.7675    -0.1085 0.0000e+00
    188.000     4.9019     4.8873  33.539464    35.1006    27.7682    -0.1035 0.0000e+00
    189.000     4.8828     4.8682  33.521424    35.0993    27.7694    -0.0976 0.0000e+00
    190.000     4.8696     4.8549  33.509086    35.0983    27.7702    -0.0986 0.0000e+00
    191.000     4.8665     4.8518  33.506544    35.0981    27.7703    -0.1001 0.0000e+00
    192.000     4.8627     4.8479  33.503045    35.0975    27.7703    -0.0980 0.0000e+00
    193.000     4.8477     4.8328  33.489123    35.0967    27.7714    -0.1005 0.0000e+00
    194.000     4.8327     4.8177  33.476897    35.0977    27.7739    -0.0962 0.0000e+00
    195.000     4.8282     4.8132  33.473410    35.0978    27.7745    -0.0983 0.0000e+00
    196.000     4.8272     4.8121  33.472733    35.0975    27.7745    -0.0971 0.0000e+00
    197.000     4.8172     4.8021  33.463940    35.0973    27.7755    -0.0987 0.0000e+00
    198.000     4.8347     4.8194  33.483589    35.1012    27.7766    -0.0992 0.0000e+00
    199.000     4.8158     4.8005  33.466685    35.1009    27.7785    -0.0993 0.0000e+00
    200.000     4.7829     4.7676  33.434854    35.0981    27.7800    -0.0974 0.0000e+00
    201.000     4.7596     4.7443  33.411739    35.0952    27.7804    -0.0995 0.0000e+00
    202.000     4.7512     4.7358  33.403652    35.0941    27.7805    -0.0989 0.0000e+00
    203.000     4.7346     4.7191  33.388553    35.0935    27.7819    -0.1011 0.0000e+00
    204.000     4.7138     4.6982  33.369077    35.0923    27.7833    -0.1024 0.0000e+00
    205.000     4.7022     4.6865  33.358956    35.0922    27.7846    -0.1026 0.0000e+00
    206.000     4.6931     4.6774  33.350962    35.0919    27.7853    -0.1003 0.0000e+00
    207.000     4.6936     4.6779  33.351305    35.0912    27.7848    -0.0984 0.0000e+00
    208.000     4.6861     4.6703  33.344922    35.0912    27.7856    -0.1150 0.0000e+00
    209.000     4.6830     4.6671  33.342136    35.0907    27.7856    -0.1040 0.0000e+00
    210.000     4.6682     4.6522  33.328209    35.0895    27.7863    -0.0993 0.0000e+00
    211.000     4.6574     4.6414  33.318282    35.0888    27.7870    -0.0979 0.0000e+00
    212.000     4.6553     4.6392  33.317266    35.0894    27.7877    -0.0973 0.0000e+00
    213.000     4.6602     4.6440  33.322817    35.0901    27.7877    -0.0995 0.0000e+00
    214.000     4.6623     4.6460  33.325740    35.0908    27.7880    -0.1012 0.0000e+00
    215.000     4.6568     4.6405  33.321390    35.0910    27.7888    -0.1003 0.0000e+00
    216.000     4.6535     4.6371  33.318698    35.0908    27.7890    -0.0938 0.0000e+00
    217.000     4.6494     4.6329  33.315009    35.0903    27.7891    -0.1007 0.0000e+00
    218.000     4.6418     4.6253  33.307926    35.0895    27.7893    -0.0995 0.0000e+00
    219.000     4.6278     4.6112  33.295073    35.0887    27.7903    -0.0989 0.0000e+00
    220.000     4.6135     4.5969  33.281382    35.0873    27.7908    -0.0994 0.0000e+00
    221.000     4.5965     4.5798  33.265536    35.0862    27.7918    -0.1147 0.0000e+00
    222.000     4.5871     4.5704  33.256787    35.0854    27.7922    -0.0979 0.0000e+00
    223.000     4.5829     4.5661  33.253108    35.0850    27.7924    -0.0972 0.0000e+00
    224.000     4.5716     4.5548  33.242544    35.0840    27.7929    -0.1018 0.0000e+00
    225.000     4.5719     4.5550  33.243554    35.0843    27.7931    -0.0987 0.0000e+00
    226.000     4.5881     4.5710  33.260557    35.0866    27.7931    -0.0988 0.0000e+00
    227.000     4.5769     4.5598  33.250516    35.0862    27.7940    -0.0972 0.0000e+00
    228.000     4.5638     4.5466  33.238212    35.0851    27.7947    -0.0957 0.0000e+00
    229.000     4.5480     4.5308  33.223158    35.0836    27.7952    -0.1037 0.0000e+00
    230.000     4.5356     4.5184  33.211285    35.0823    27.7956    -0.0965 0.0000e+00
    231.000     4.5276     4.5102  33.203986    35.0818    27.7961    -0.0993 0.0000e+00
    232.000     4.5247     4.5073  33.202158    35.0821    27.7967    -0.0983 0.0000e+00
    233.000     4.5358     4.5183  33.214890    35.0848    27.7976    -0.0973 0.0000e+00
    234.000     4.5229     4.5054  33.203205    35.0841    27.7985    -0.0989 0.0000e+00
    235.000     4.5115     4.4939  33.192470    35.0832    27.7990    -0.0995 0.0000e+00
    236.000     4.4979     4.4803  33.179176    35.0814    27.7991    -0.0992 0.0000e+00
    237.000     4.4864     4.4687  33.168201    35.0802    27.7995    -0.0978 0.0000e+00
    238.000     4.4809     4.4631  33.163363    35.0798    27.7997    -0.0998 0.0000e+00
    239.000     4.4848     4.4669  33.168322    35.0809    27.8002    -0.0971 0.0000e+00
    240.000     4.4975     4.4795  33.182544    35.0837    27.8010    -0.0972 0.0000e+00
    241.000     4.4925     4.4745  33.178703    35.0839    27.8018    -0.0964 0.0000e+00
    242.000     4.4861     4.4680  33.173124    35.0836    27.8022    -0.0976 0.0000e+00
    243.000     4.4723     4.4542  33.159889    35.0821    27.8026    -0.0953 0.0000e+00
    244.000     4.4705     4.4522  33.158462    35.0819    27.8026    -0.0975 0.0000e+00
    245.000     4.4670     4.4488  33.155574    35.0816    27.8028    -0.0986 0.0000e+00
    246.000     4.4645     4.4461  33.153528    35.0814    27.8029    -0.1011 0.0000e+00
    247.000     4.4637     4.4452  33.152849    35.0809    27.8026    -0.1088 0.0000e+00
    248.000     4.4576     4.4392  33.148130    35.0812    27.8035    -0.1106 0.0000e+00
    249.000     4.4483     4.4298  33.140051    35.0810    27.8044    -0.1006 0.0000e+00
    250.000     4.4431     4.4245  33.135304    35.0805    27.8046    -0.1177 0.0000e+00
    251.000     4.4443     4.4256  33.136709    35.0803    27.8043    -0.1008 0.0000e+00
    252.000     4.4351     4.4164  33.128423    35.0798    27.8049    -0.0984 0.0000e+00
    253.000     4.4315     4.4127  33.124875    35.0790    27.8047    -0.0976 0.0000e+00
    254.000     4.4063     4.3875  33.100631    35.0766    27.8055    -0.0979 0.0000e+00
    255.000     4.3895     4.3706  33.084396    35.0749    27.8060    -0.1003 0.0000e+00
    256.000     4.3804     4.3615  33.075191    35.0731    27.8056    -0.1013 0.0000e+00
    257.000     4.4041     4.3850  33.099520    35.0761    27.8054    -0.0991 0.0000e+00
    258.000     4.4084     4.3892  33.105044    35.0775    27.8060    -0.1022 0.0000e+00
    259.000     4.4061     4.3868  33.103583    35.0777    27.8065    -0.1041 0.0000e+00
    260.000     4.4049     4.3857  33.102980    35.0776    27.8066    -0.1171 0.0000e+00
    261.000     4.4038     4.3844  33.102404    35.0776    27.8067    -0.1012 0.0000e+00
    262.000     4.4004     4.3809  33.099607    35.0775    27.8069    -0.0961 0.0000e+00
    263.000     4.3993     4.3798  33.098952    35.0773    27.8069    -0.1000 0.0000e+00
    264.000     4.3977     4.3781  33.097901    35.0772    27.8070    -0.0990 0.0000e+00
    265.000     4.3935     4.3739  33.094199    35.0768    27.8072    -0.0993 0.0000e+00
    266.000     4.3904     4.3707  33.091558    35.0764    27.8073    -0.1015 0.0000e+00
    267.000     4.3722     4.3524  33.074362    35.0750    27.8081    -0.0993 0.0000e+00
    268.000     4.3666     4.3468  33.069489    35.0747    27.8085    -0.0975 0.0000e+00
    269.000     4.3616     4.3417  33.065317    35.0745    27.8089    -0.0964 0.0000e+00
    270.000     4.3614     4.3415  33.066017    35.0750    27.8093    -0.0995 0.0000e+00
    271.000     4.3711     4.3510  33.076368    35.0764    27.8094    -0.1016 0.0000e+00
    272.000     4.3763     4.3562  33.082285    35.0773    27.8095    -0.0986 0.0000e+00
    273.000     4.3766     4.3564  33.083190    35.0774    27.8096    -0.0972 0.0000e+00
    274.000     4.3766     4.3563  33.083710    35.0775    27.8097    -0.1001 0.0000e+00
    275.000     4.3759     4.3555  33.083348    35.0774    27.8097    -0.1021 0.0000e+00
    276.000     4.3687     4.3482  33.076916    35.0769    27.8101    -0.0968 0.0000e+00
    277.000     4.3646     4.3441  33.073610    35.0769    27.8105    -0.0988 0.0000e+00
    278.000     4.3636     4.3430  33.073488    35.0772    27.8109    -0.0964 0.0000e+00
    279.000     4.3619     4.3412  33.072382    35.0772    27.8111    -0.0977 0.0000e+00
    280.000     4.3588     4.3380  33.069779    35.0769    27.8112    -0.0970 0.0000e+00
    281.000     4.3523     4.3316  33.064317    35.0767    27.8118    -0.0974 0.0000e+00
    282.000     4.3465     4.3257  33.059021    35.0762    27.8120    -0.0998 0.0000e+00
    283.000     4.3397     4.3188  33.052975    35.0758    27.8124    -0.1000 0.0000e+00
    284.000     4.3293     4.3084  33.043338    35.0749    27.8128    -0.0953 0.0000e+00
    285.000     4.3201     4.2991  33.035293    35.0746    27.8136    -0.1019 0.0000e+00
    286.000     4.3179     4.2968  33.033482    35.0743    27.8136    -0.0987 0.0000e+00
    287.000     4.3171     4.2960  33.033205    35.0743    27.8137    -0.1014 0.0000e+00
    288.000     4.3136     4.2924  33.030148    35.0739    27.8138    -0.1002 0.0000e+00
    289.000     4.3091     4.2878  33.026478    35.0738    27.8142    -0.0964 0.0000e+00
    290.000     4.3065     4.2852  33.024447    35.0736    27.8144    -0.0963 0.0000e+00
    291.000     4.3064     4.2849  33.024666    35.0735    27.8143    -0.0993 0.0000e+00
    292.000     4.3056     4.2841  33.024107    35.0732    27.8141    -0.0983 0.0000e+00
    293.000     4.3050     4.2834  33.024208    35.0734    27.8143    -0.0998 0.0000e+00
    294.000     4.3012     4.2795  33.021196    35.0733    27.8147    -0.1055 0.0000e+00
    295.000     4.2963     4.2746  33.017297    35.0733    27.8153    -0.0964 0.0000e+00
    296.000     4.2890     4.2672  33.010535    35.0726    27.8155    -0.1008 0.0000e+00
    297.000     4.2806     4.2588  33.002925    35.0720    27.8159    -0.0995 0.0000e+00
    298.000     4.2760     4.2541  32.999135    35.0719    27.8163    -0.1041 0.0000e+00
    299.000     4.2763     4.2544  32.999836    35.0718    27.8163    -0.0969 0.0000e+00
    300.000     4.2695     4.2475  32.994328    35.0721    27.8172    -0.1011 0.0000e+00
    301.000     4.2683     4.2462  32.993603    35.0720    27.8173    -0.1027 0.0000e+00
    302.000     4.2661     4.2439  32.992230    35.0722    27.8177    -0.1054 0.0000e+00
    303.000     4.2648     4.2426  32.991831    35.0725    27.8181    -0.1021 0.0000e+00
    304.000     4.2529     4.2306  32.982130    35.0732    27.8199    -0.1015 0.0000e+00
    305.000     4.2442     4.2219  32.975162    35.0737    27.8212    -0.0999 0.0000e+00
    306.000     4.2420     4.2196  32.973726    35.0738    27.8216    -0.1048 0.0000e+00
    307.000     4.2397     4.2173  32.972275    35.0739    27.8219    -0.1047 0.0000e+00
    308.000     4.2372     4.2146  32.970628    35.0741    27.8224    -0.1050 0.0000e+00
    309.000     4.2342     4.2115  32.968386    35.0742    27.8228    -0.0972 0.0000e+00
    310.000     4.2319     4.2092  32.967140    35.0746    27.8233    -0.0991 0.0000e+00
    311.000     4.2296     4.2068  32.965586    35.0747    27.8237    -0.0979 0.0000e+00
    312.000     4.2246     4.2018  32.961524    35.0747    27.8242    -0.1032 0.0000e+00
    313.000     4.2179     4.1950  32.956209    35.0750    27.8252    -0.1113 0.0000e+00
    314.000     4.2066     4.1836  32.946692    35.0753    27.8266    -0.0983 0.0000e+00
    315.000     4.1993     4.1763  32.940740    35.0755    27.8276    -0.0971 0.0000e+00
    316.000     4.1932     4.1701  32.935861    35.0757    27.8284    -0.0995 0.0000e+00
    317.000     4.1884     4.1653  32.931862    35.0755    27.8288    -0.1151 0.0000e+00
    318.000     4.1781     4.1549  32.922646    35.0750    27.8295    -0.0994 0.0000e+00
    319.000     4.1477     4.1245  32.894376    35.0734    27.8315    -0.0981 0.0000e+00
    320.000     4.1416     4.1184  32.888458    35.0723    27.8313    -0.1003 0.0000e+00
    321.000     4.1375     4.1142  32.884847    35.0719    27.8314    -0.0996 0.0000e+00
    322.000     4.1259     4.1026  32.873889    35.0707    27.8317    -0.0999 0.0000e+00
    323.000     4.1217     4.0983  32.870186    35.0703    27.8317    -0.0980 0.0000e+00
    324.000     4.1126     4.0892  32.862051    35.0698    27.8323    -0.1013 0.0000e+00
    325.000     4.0935     4.0700  32.844816    35.0692    27.8339    -0.0971 0.0000e+00
    326.000     4.0855     4.0620  32.837764    35.0688    27.8344    -0.0996 0.0000e+00
    327.000     4.0856     4.0620  32.838335    35.0688    27.8345    -0.1017 0.0000e+00
    328.000     4.0851     4.0614  32.838095    35.0686    27.8344    -0.0979 0.0000e+00
    329.000     4.0845     4.0607  32.837929    35.0685    27.8343    -0.0985 0.0000e+00
    330.000     4.0866     4.0628  32.840725    35.0690    27.8345    -0.0983 0.0000e+00
    331.000     4.0884     4.0645  32.843201    35.0695    27.8348    -0.0972 0.0000e+00
    332.000     4.0887     4.0647  32.844027    35.0696    27.8348    -0.0999 0.0000e+00
    333.000     4.0876     4.0635  32.843501    35.0697    27.8350    -0.1020 0.0000e+00
    334.000     4.0847     4.0606  32.841516    35.0698    27.8354    -0.1006 0.0000e+00
    335.000     4.0828     4.0586  32.840302    35.0699    27.8356    -0.0986 0.0000e+00
    336.000     4.0824     4.0582  32.841344    35.0710    27.8366    -0.0986 0.0000e+00
    337.000     4.0809     4.0566  32.840816    35.0714    27.8371    -0.1137 0.0000e+00
    338.000     4.0813     4.0569  32.841182    35.0709    27.8367    -0.1005 0.0000e+00
    339.000     4.0744     4.0500  32.835746    35.0712    27.8376    -0.1019 0.0000e+00
    340.000     4.0607     4.0362  32.824016    35.0714    27.8392    -0.1003 0.0000e+00
    341.000     4.0542     4.0296  32.818420    35.0712    27.8398    -0.0993 0.0000e+00
    342.000     4.0537     4.0290  32.817501    35.0701    27.8390    -0.0995 0.0000e+00
    343.000     4.0305     4.0059  32.796524    35.0694    27.8408    -0.1034 0.0000e+00
    344.000     4.0247     3.9999  32.791073    35.0687    27.8409    -0.1226 0.0000e+00
    345.000     4.0203     3.9955  32.787308    35.0683    27.8410    -0.1010 0.0000e+00
    346.000     4.0144     3.9895  32.781784    35.0675    27.8411    -0.1019 0.0000e+00
    347.000     4.0072     3.9823  32.775252    35.0669    27.8414    -0.1034 0.0000e+00
    348.000     4.0025     3.9776  32.771480    35.0669    27.8418    -0.1036 0.0000e+00
    349.000     3.9951     3.9701  32.765156    35.0667    27.8424    -0.1101 0.0000e+00
    350.000     3.9888     3.9637  32.759968    35.0668    27.8432    -0.1043 0.0000e+00
    351.000     3.9826     3.9575  32.754609    35.0664    27.8435    -0.1167 0.0000e+00
    352.000     3.9752     3.9501  32.748089    35.0660    27.8440    -0.1010 0.0000e+00
    353.000     3.9676     3.9423  32.741333    35.0657    27.8445    -0.1042 0.0000e+00
    354.000     3.9665     3.9412  32.741447    35.0664    27.8452    -0.0986 0.0000e+00
    355.000     3.9612     3.9358  32.737757    35.0672    27.8464    -0.1023 0.0000e+00
    356.000     3.9638     3.9383  32.741780    35.0686    27.8473    -0.1014 0.0000e+00
    357.000     3.9629     3.9374  32.742767    35.0702    27.8486    -0.1021 0.0000e+00
    358.000     3.9614     3.9359  32.742822    35.0713    27.8497    -0.1165 0.0000e+00
    359.000     3.9584     3.9328  32.740725    35.0714    27.8501    -0.1114 0.0000e+00
    360.000     3.9553     3.9296  32.738282    35.0713    27.8504    -0.1011 0.0000e+00
