development/example_data/cnv/atwain_cruise/AT283.cnv
* Sea-Bird SBE 9 Data File:
* FileName = C:\ATWAIN_2017\hex\AT283.hex
* Software Version Seasave V 7.21b
* Temperature SN = 2400
* Conductivity SN = 3234
* Number of Bytes Per Scan = 34
* Number of Voltage Words = 4
* Number of Scans Averaged by the Deck Unit = 1
* NMEA baud rate = 4800
** ATWAIN 2017
** R/V Lance
** Sounding depth: 607
** Latitude: 80 17.4920
** Longitude: 008 54.4540
# nquan = 8
# nvalues = 598                         
# units = specified
# name 0 = prDM: Pressure, Digiquartz [db]
# name 1 = t090C: Temperature [ITS-90, deg C]
# name 2 = potemp090C: Potential Temperature [ITS-90, deg C]
# name 3 = c0mS/cm: Conductivity [mS/cm]
# name 4 = sal00: Salinity, Practical [PSU]
# name 5 = sigma-é00: Density [sigma-theta, kg/m^3]
# name 6 = flECO-AFL: Fluorescence, WET Labs ECO-AFL/FL [mg/m^3]
# name 7 = flag: flag
# span 0 =      4.000,    601.000       
# span 1 =     1.9858,     6.6492       
# span 2 =     1.9513,     6.6467       
# span 3 =  31.032514,  35.013629       
# span 4 =    34.7530,    35.1213       
# span 5 =    27.3696,    27.9699       
# span 6 =    -0.1315,     2.0603       
# span 7 = 0.0000e+00, 0.0000e+00       
# interval = decibars: 1                
# start_time = Sep 24 2017 14:58:53 [System UTC, first data scan.]
# bad_flag = -9.990e-29
*END*
[from data line 360]
    364.000     3.9615     3.9355  32.754625    35.0820    27.8583    -0.1064 0.0000e+00
    365.000     3.9669     3.9408  32.759958    35.0821    27.8577    -0.1017 0.0000e+00
    366.000     3.9502     3.9241  32.745011    35.0816    27.8591    -0.1181 0.0000e+00
    367.000     3.9457     3.9195  32.741426    35.0816    27.8596    -0.1244 0.0000e+00
    368.000     3.9437     3.9175  32.740024    35.0815    27.8597    -0.1016 0.0000e+00
    369.000     3.9392     3.9129  32.736203    35.0812    27.8600    -0.1022 0.0000e+00
    370.000     3.9359     3.9095  32.733797    35.0813    27.8604    -0.1184 0.0000e+00
    371.000     3.9419     3.9154  32.739279    35.0810    27.8595    -0.1055 0.0000e+00
    372.000     3.9324     3.9058  32.731026    35.0808    27.8604    -0.1048 0.0000e+00
    373.000     3.9294     3.9029  32.728867    35.0808    27.8607    -0.1080 0.0000e+00
    374.000     3.9279     3.9012  32.727878    35.0807    27.8608    -0.1234 0.0000e+00
    375.000     3.9251     3.8984  32.725757    35.0806    27.8610    -0.0955 0.0000e+00
    376.000     3.9278     3.9010  32.728596    35.0806    27.8607    -0.1102 0.0000e+00
    377.000     3.9277     3.9008  32.728932    35.0805    27.8607    -0.0995 0.0000e+00
    378.000     3.9235     3.8965  32.725533    35.0805    27.8611    -0.1007 0.0000e+00
    379.000     3.9236     3.8966  32.725939    35.0803    27.8609    -0.1022 0.0000e+00
    380.000     3.9248     3.8977  32.727546    35.0804    27.8609    -0.1251 0.0000e+00
    381.000     3.9250     3.8978  32.728165    35.0804    27.8609    -0.1266 0.0000e+00
    382.000     3.9254     3.8982  32.728955    35.0803    27.8608    -0.1246 0.0000e+00
    383.000     3.9251     3.8977  32.729130    35.0804    27.8609    -0.0985 0.0000e+00
    384.000     3.9245     3.8971  32.728918    35.0801    27.8608    -0.1036 0.0000e+00
    385.000     3.9228     3.8953  32.727737    35.0801    27.8609    -0.1203 0.0000e+00
    386.000     3.9217     3.8942  32.727178    35.0800    27.8610    -0.1118 0.0000e+00
    387.000     3.9170     3.8894  32.723267    35.0799    27.8614    -0.1268 0.0000e+00
    388.000     3.9156     3.8879  32.722385    35.0798    27.8615    -0.1104 0.0000e+00
    389.000     3.9143     3.8866  32.721608    35.0797    27.8615    -0.1179 0.0000e+00
    390.000     3.9135     3.8857  32.721203    35.0796    27.8615    -0.1279 0.0000e+00
    391.000     3.9132     3.8853  32.721292    35.0794    27.8614    -0.1184 0.0000e+00
    392.000     3.9074     3.8794  32.716455    35.0794    27.8620    -0.1058 0.0000e+00
    393.000     3.9052     3.8772  32.714772    35.0792    27.8621    -0.1140 0.0000e+00
    394.000     3.8998     3.8717  32.709941    35.0787    27.8623    -0.1283 0.0000e+00
    395.000     3.8698     3.8418  32.681515    35.0763    27.8635    -0.1243 0.0000e+00
    396.000     3.8379     3.8099  32.651785    35.0745    27.8653    -0.1069 0.0000e+00
    397.000     3.8320     3.8040  32.646473    35.0739    27.8654    -0.1122 0.0000e+00
    398.000     3.8223     3.7941  32.636802    35.0723    27.8651    -0.1167 0.0000e+00
    399.000     3.8165     3.7883  32.631754    35.0719    27.8654    -0.1151 0.0000e+00
    400.000     3.8165     3.7882  32.631995    35.0716    27.8653    -0.1057 0.0000e+00
    401.000     3.8130     3.7847  32.629136    35.0713    27.8654    -0.1132 0.0000e+00
    402.000     3.8097     3.7813  32.626274    35.0710    27.8654    -0.1077 0.0000e+00
    403.000     3.8066     3.7781  32.623616    35.0706    27.8655    -0.1015 0.0000e+00
    404.000     3.8027     3.7742  32.620256    35.0702    27.8655    -0.1010 0.0000e+00
    405.000     3.7969     3.7684  32.615252    35.0699    27.8659    -0.1033 0.0000e+00
    406.000     3.7912     3.7626  32.610405    35.0696    27.8663    -0.1066 0.0000e+00
    407.000     3.7870     3.7584  32.606887    35.0694    27.8665    -0.1146 0.0000e+00
    408.000     3.7755     3.7468  32.596555    35.0688    27.8672    -0.1165 0.0000e+00
    409.000     3.7714     3.7427  32.593336    35.0688    27.8677    -0.1099 0.0000e+00
    410.000     3.7693     3.7405  32.591814    35.0688    27.8679    -0.1086 0.0000e+00
    411.000     3.7630     3.7342  32.586497    35.0686    27.8683    -0.1061 0.0000e+00
    412.000     3.7589     3.7300  32.583226    35.0685    27.8687    -0.1052 0.0000e+00
    413.000     3.7576     3.7286  32.582349    35.0683    27.8687    -0.1273 0.0000e+00
    414.000     3.7539     3.7248  32.579721    35.0687    27.8694    -0.1144 0.0000e+00
    415.000     3.7517     3.7226  32.578334    35.0688    27.8697    -0.1170 0.0000e+00
    416.000     3.7446     3.7154  32.572289    35.0686    27.8703    -0.1063 0.0000e+00
    417.000     3.7371     3.7079  32.566221    35.0689    27.8713    -0.1080 0.0000e+00
    418.000     3.7339     3.7046  32.563775    35.0689    27.8716    -0.1047 0.0000e+00
    419.000     3.7305     3.7012  32.561152    35.0688    27.8718    -0.1256 0.0000e+00
    420.000     3.7294     3.7000  32.560595    35.0688    27.8720    -0.1273 0.0000e+00
    421.000     3.7295     3.7000  32.561084    35.0687    27.8719    -0.1219 0.0000e+00
    422.000     3.7221     3.6926  32.554642    35.0684    27.8724    -0.1205 0.0000e+00
    423.000     3.7114     3.6818  32.545153    35.0680    27.8732    -0.1035 0.0000e+00
    424.000     3.7044     3.6748  32.539154    35.0678    27.8737    -0.1027 0.0000e+00
    425.000     3.6949     3.6652  32.530639    35.0673    27.8743    -0.1072 0.0000e+00
    426.000     3.6818     3.6521  32.518935    35.0667    27.8752    -0.1163 0.0000e+00
    427.000     3.6674     3.6377  32.505870    35.0660    27.8760    -0.1014 0.0000e+00
    428.000     3.6554     3.6256  32.495016    35.0653    27.8767    -0.1191 0.0000e+00
    429.000     3.6508     3.6209  32.491177    35.0652    27.8771    -0.1009 0.0000e+00
    430.000     3.6486     3.6187  32.489379    35.0648    27.8770    -0.1052 0.0000e+00
    431.000     3.6467     3.6168  32.488026    35.0646    27.8771    -0.1018 0.0000e+00
    432.000     3.6385     3.6085  32.480727    35.0641    27.8775    -0.1219 0.0000e+00
    433.000     3.6337     3.6036  32.476656    35.0639    27.8778    -0.1153 0.0000e+00
    434.000     3.6243     3.5942  32.467916    35.0630    27.8781    -0.1028 0.0000e+00
    435.000     3.6089     3.5788  32.453710    35.0619    27.8787    -0.1039 0.0000e+00
    436.000     3.5983     3.5681  32.444014    35.0611    27.8792    -0.1277 0.0000e+00
    437.000     3.5943     3.5641  32.440649    35.0608    27.8793    -0.1062 0.0000e+00
    438.000     3.5930     3.5627  32.439618    35.0605    27.8792    -0.1056 0.0000e+00
    439.000     3.5891     3.5587  32.436354    35.0602    27.8794    -0.1025 0.0000e+00
    440.000     3.5839     3.5535  32.432042    35.0601    27.8798    -0.1151 0.0000e+00
    441.000     3.5817     3.5512  32.429888    35.0593    27.8794    -0.1130 0.0000e+00
    442.000     3.5642     3.5337  32.414237    35.0587    27.8807    -0.1293 0.0000e+00
    443.000     3.5555     3.5250  32.406867    35.0587    27.8815    -0.1293 0.0000e+00
    444.000     3.5540     3.5234  32.406471    35.0593    27.8821    -0.1049 0.0000e+00
    445.000     3.5571     3.5265  32.410502    35.0602    27.8826    -0.1099 0.0000e+00
    446.000     3.5639     3.5332  32.418054    35.0614    27.8829    -0.1270 0.0000e+00
    447.000     3.5732     3.5424  32.428302    35.0632    27.8834    -0.1256 0.0000e+00
    448.000     3.5615     3.5306  32.418690    35.0638    27.8850    -0.1072 0.0000e+00
    449.000     3.5618     3.5309  32.420392    35.0649    27.8859    -0.1049 0.0000e+00
    450.000     3.5619     3.5308  32.421714    35.0659    27.8867    -0.1009 0.0000e+00
    451.000     3.5603     3.5291  32.420791    35.0660    27.8869    -0.0988 0.0000e+00
    452.000     3.5608     3.5296  32.422039    35.0664    27.8872    -0.1216 0.0000e+00
    453.000     3.5587     3.5275  32.420761    35.0665    27.8875    -0.1102 0.0000e+00
    454.000     3.5581     3.5268  32.420635    35.0665    27.8875    -0.1094 0.0000e+00
    455.000     3.5584     3.5270  32.421389    35.0665    27.8875    -0.1033 0.0000e+00
    456.000     3.5606     3.5291  32.423893    35.0666    27.8874    -0.1047 0.0000e+00
    457.000     3.5531     3.5216  32.417451    35.0664    27.8880    -0.1265 0.0000e+00
    458.000     3.5431     3.5115  32.409142    35.0666    27.8892    -0.1286 0.0000e+00
    459.000     3.5389     3.5073  32.405527    35.0663    27.8893    -0.1124 0.0000e+00
    460.000     3.5362     3.5045  32.403479    35.0661    27.8895    -0.1067 0.0000e+00
    461.000     3.5333     3.5016  32.401001    35.0657    27.8894    -0.1086 0.0000e+00
    462.000     3.5302     3.4984  32.398498    35.0655    27.8896    -0.1278 0.0000e+00
    463.000     3.5289     3.4970  32.397655    35.0654    27.8897    -0.1118 0.0000e+00
    464.000     3.5288     3.4969  32.398022    35.0654    27.8896    -0.1058 0.0000e+00
    465.000     3.5289     3.4969  32.398653    35.0655    27.8897    -0.1177 0.0000e+00
    466.000     3.5292     3.4971  32.399251    35.0654    27.8896    -0.1224 0.0000e+00
    467.000     3.5291     3.4969  32.399692    35.0655    27.8897    -0.1199 0.0000e+00
    468.000     3.5286     3.4964  32.399727    35.0654    27.8897    -0.1092 0.0000e+00
    469.000     3.5282     3.4959  32.399645    35.0653    27.8897    -0.1264 0.0000e+00
    470.000     3.5267     3.4944  32.398559    35.0650    27.8896    -0.1296 0.0000e+00
    471.000     3.5265     3.4941  32.398695    35.0649    27.8895    -0.1057 0.0000e+00
    472.000     3.5249     3.4924  32.397748    35.0649    27.8897    -0.1196 0.0000e+00
    473.000     3.5238     3.4912  32.397253    35.0650    27.8899    -0.1176 0.0000e+00
    474.000     3.5236     3.4910  32.397540    35.0649    27.8899    -0.1258 0.0000e+00
    475.000     3.5213     3.4886  32.395537    35.0645    27.8898    -0.1256 0.0000e+00
    476.000     3.5191     3.4863  32.393922    35.0644    27.8899    -0.1096 0.0000e+00
    477.000     3.5175     3.4846  32.392838    35.0643    27.8900    -0.1035 0.0000e+00
    478.000     3.5179     3.4850  32.393690    35.0644    27.8900    -0.1028 0.0000e+00
    479.000     3.5186     3.4856  32.394775    35.0643    27.8899    -0.1082 0.0000e+00
    480.000     3.5156     3.4825  32.392197    35.0640    27.8899    -0.1315 0.0000e+00
    481.000     3.5155     3.4824  32.392613    35.0640    27.8900    -0.1273 0.0000e+00
    482.000     3.5154     3.4822  32.393196    35.0642    27.8902    -0.1273 0.0000e+00
    483.000     3.5125     3.4793  32.390797    35.0639    27.8902    -0.1105 0.0000e+00
    484.000     3.5093     3.4760  32.388034    35.0636    27.8903    -0.1124 0.0000e+00
    485.000     3.5096     3.4762  32.388758    35.0635    27.8902    -0.1229 0.0000e+00
    486.000     3.5103     3.4768  32.389744    35.0634    27.8901    -0.1115 0.0000e+00
    487.000     3.5103     3.4767  32.390529    35.0638    27.8904    -0.1223 0.0000e+00
    488.000     3.5097     3.4761  32.390384    35.0637    27.8904    -0.1102 0.0000e+00
    489.000     3.4667     3.4332  32.350712    35.0617    27.8930    -0.1124 0.0000e+00
    490.000     3.4328     3.3994  32.319830    35.0604    27.8953    -0.1244 0.0000e+00
    491.000     3.4011     3.3677  32.291918    35.0604    27.8984    -0.0994 0.0000e+00
    492.000     3.3918     3.3584  32.283636    35.0599    27.8988    -0.1208 0.0000e+00
    493.000     3.3903     3.3568  32.282252    35.0593    27.8986    -0.1145 0.0000e+00
    494.000     3.3795     3.3460  32.272624    35.0587    27.8991    -0.1252 0.0000e+00
    495.000     3.3740     3.3404  32.267961    35.0586    27.8996    -0.1234 0.0000e+00
    496.000     3.3697     3.3360  32.264573    35.0586    27.9000    -0.1029 0.0000e+00
    497.000     3.3639     3.3302  32.259627    35.0583    27.9003    -0.1150 0.0000e+00
    498.000     3.3580     3.3243  32.254697    35.0581    27.9007    -0.1192 0.0000e+00
    499.000     3.3544     3.3206  32.251523    35.0576    27.9007    -0.1028 0.0000e+00
    500.000     3.3429     3.3091  32.241303    35.0571    27.9014    -0.1008 0.0000e+00
    501.000     3.3375     3.3037  32.236707    35.0568    27.9017    -0.1145 0.0000e+00
    502.000     3.3343     3.3004  32.233728    35.0562    27.9015    -0.0992 0.0000e+00
    503.000     3.3042     3.2704  32.205631    35.0541    27.9028    -0.1193 0.0000e+00
    504.000     3.2742     3.2404  32.177960    35.0525    27.9044    -0.1118 0.0000e+00
    505.000     3.2453     3.2115  32.151839    35.0515    27.9064    -0.1006 0.0000e+00
    506.000     3.2185     3.1847  32.127330    35.0502    27.9079    -0.0991 0.0000e+00
    507.000     3.2033     3.1696  32.112501    35.0481    27.9076    -0.1201 0.0000e+00
    508.000     3.1662     3.1325  32.077657    35.0454    27.9090    -0.1257 0.0000e+00
    509.000     3.1515     3.1178  32.064569    35.0448    27.9099    -0.1256 0.0000e+00
    510.000     3.1383     3.1046  32.052395    35.0437    27.9103    -0.1243 0.0000e+00
    511.000     3.1313     3.0976  32.046532    35.0436    27.9109    -0.1225 0.0000e+00
    512.000     3.1174     3.0837  32.033024    35.0417    27.9106    -0.0961 0.0000e+00
    513.000     3.0730     3.0394  31.992548    35.0400    27.9134    -0.0980 0.0000e+00
    514.000     3.0555     3.0219  31.976658    35.0391    27.9143    -0.0986 0.0000e+00
    515.000     3.0385     3.0049  31.961429    35.0384    27.9154    -0.1011 0.0000e+00
    516.000     3.0195     2.9859  31.944277    35.0376    27.9165    -0.1008 0.0000e+00
    517.000     3.0115     2.9779  31.936910    35.0367    27.9165    -0.1172 0.0000e+00
    518.000     2.9862     2.9526  31.913419    35.0349    27.9175    -0.1025 0.0000e+00
    519.000     2.9695     2.9359  31.898753    35.0346    27.9187    -0.1136 0.0000e+00
    520.000     2.9495     2.9159  31.880783    35.0338    27.9199    -0.1242 0.0000e+00
    521.000     2.9217     2.8882  31.855598    35.0326    27.9215    -0.1245 0.0000e+00
    522.000     2.9036     2.8700  31.839317    35.0318    27.9225    -0.1197 0.0000e+00
    523.000     2.8993     2.8657  31.835220    35.0309    27.9222    -0.1258 0.0000e+00
    524.000     2.8787     2.8452  31.816649    35.0300    27.9233    -0.1292 0.0000e+00
    525.000     2.8575     2.8239  31.797566    35.0291    27.9246    -0.1266 0.0000e+00
    526.000     2.8193     2.7858  31.763063    35.0278    27.9270    -0.1117 0.0000e+00
    527.000     2.8036     2.7702  31.748826    35.0269    27.9277    -0.1010 0.0000e+00
    528.000     2.7555     2.7221  31.704820    35.0247    27.9302    -0.1212 0.0000e+00
    529.000     2.7331     2.6998  31.685224    35.0244    27.9320    -0.1035 0.0000e+00
    530.000     2.7321     2.6987  31.684326    35.0239    27.9317    -0.1030 0.0000e+00
    531.000     2.7308     2.6974  31.683242    35.0234    27.9314    -0.1068 0.0000e+00
    532.000     2.7307     2.6972  31.683396    35.0231    27.9312    -0.1136 0.0000e+00
    533.000     2.7304     2.6969  31.683415    35.0229    27.9311    -0.1055 0.0000e+00
    534.000     2.7302     2.6965  31.683438    35.0227    27.9309    -0.1025 0.0000e+00
    535.000     2.7303     2.6967  31.683941    35.0226    27.9308    -0.1039 0.0000e+00
    536.000     2.7304     2.6967  31.684385    35.0224    27.9307    -0.1202 0.0000e+00
    537.000     2.7303     2.6965  31.684619    35.0223    27.9306    -0.1154 0.0000e+00
    538.000     2.7292     2.6953  31.683925    35.0221    27.9305    -0.1121 0.0000e+00
    539.000     2.7259     2.6919  31.681169    35.0218    27.9306    -0.1278 0.0000e+00
    540.000     2.7239     2.6899  31.679890    35.0219    27.9308    -0.1256 0.0000e+00
    541.000     2.7229     2.6888  31.678942    35.0212    27.9304    -0.1056 0.0000e+00
    542.000     2.7157     2.6816  31.673242    35.0215    27.9313    -0.1125 0.0000e+00
