development/example_data/cnv/atwain_cruise/AT284.cnv
* Sea-Bird SBE 9 Data File:
* FileName = C:\ATWAIN_2017\hex\AT284.hex
* Software Version Seasave V 7.21b
* Temperature SN = 2400
* Conductivity SN = 3234
* Number of Bytes Per Scan = 34
* Number of Voltage Words = 4
* Number of Scans Averaged by the Deck Unit = 1
* NMEA baud rate = 4800
** ATWAIN 2017
** R/V Lance
** Sounding depth: 534
** Latitude: 80 10.5121
** Longitude: 009 00.6837
# nquan = 8
# nvalues = 524                         
# units = specified
# name 0 = prDM: Pressure, Digiquartz [db]
# name 1 = t090C: Temperature [ITS-90, deg C]
# name 2 = potemp090C: Potential Temperature [ITS-90, deg C]
# name 3 = c0mS/cm: Conductivity [mS/cm]
# name 4 = sal00: Salinity, Practical [PSU]
# name 5 = sigma-é00: Density [sigma-theta, kg/m^3]
# name 6 = flECO-AFL: Fluorescence, WET Labs ECO-AFL/FL [mg/m^3]
# name 7 = flag: flag
# span 0 =      2.000,    525.000       
# span 1 =     2.6548,     6.5465       
# span 2 =     2.6221,     6.5421       
# span 3 =  31.614451,  34.908972       
# span 4 =    34.7879,    35.1120       
# span 5 =    27.3727,    27.9403       
# span 6 =    -0.1264,     1.8092       
# span 7 = 0.0000e+00, 0.0000e+00       
# interval = decibars: 1                
# start_time = Sep 24 2017 16:23:28 [System UTC, first data scan.]
# bad_flag = -9.990e-29
*END*
      2.000     6.1150     6.1148  34.321794    34.8307    27.4041     1.8092 0.0000e+00
      3.000     6.0970     6.0967  34.267881    34.7879    27.3727     1.7437 0.0000e+00
      4.000     6.1143     6.1140  34.286783    34.7909    27.3728     1.8007 0.0000e+00
      5.000     6.1280     6.1275  34.301932    34.7934    27.3731     1.6645 0.0000e+00
      6.000     6.1431     6.1426  34.319997    34.7978    27.3746     1.6352 0.0000e+00
      7.000     6.2151     6.2144  34.401887    34.8156    27.3793     1.5052 0.0000e+00
      8.000     6.1699     6.1692  34.351205    34.8043    27.3763     1.5145 0.0000e+00
      9.000     6.1548     6.1541  34.335443    34.8015    27.3761     1.5553 0.0000e+00
     10.000     6.2414     6.2406  34.434842    34.8240    27.3825     1.5124 0.0000e+00
     11.000     6.2725     6.2716  34.471057    34.8323    27.3850     1.4483 0.0000e+00
     12.000     6.2849     6.2839  34.486810    34.8367    27.3870     1.5168 0.0000e+00
     13.000     6.2814     6.2803  34.483232    34.8358    27.3867     1.4403 0.0000e+00
     14.000     6.2792     6.2779  34.483344    34.8377    27.3885     1.4187 0.0000e+00
     15.000     6.2813     6.2800  34.486556    34.8387    27.3890     1.3510 0.0000e+00
     16.000     6.2889     6.2875  34.497352    34.8424    27.3910     1.2939 0.0000e+00
     17.000     6.2896     6.2882  34.498573    34.8425    27.3910     1.4148 0.0000e+00
     18.000     6.2913     6.2897  34.501853    34.8440    27.3920     1.3818 0.0000e+00
     19.000     6.3184     6.3168  34.537316    34.8555    27.3974     1.4885 0.0000e+00
     20.000     6.3220     6.3202  34.542427    34.8570    27.3982     1.3407 0.0000e+00
     21.000     6.3536     6.3518  34.583432    34.8701    27.4043     1.4364 0.0000e+00
     22.000     6.3842     6.3822  34.624851    34.8847    27.4118     1.3564 0.0000e+00
     23.000     6.3854     6.3834  34.628882    34.8874    27.4138     1.2357 0.0000e+00
     24.000     6.3794     6.3773  34.626850    34.8907    27.4173     1.2821 0.0000e+00
     25.000     6.3667     6.3645  34.621156    34.8968    27.4238     1.4595 0.0000e+00
     26.000     6.3570     6.3547  34.616397    34.9010    27.4284     1.3285 0.0000e+00
     27.000     6.3533     6.3509  34.616307    34.9042    27.4314     1.2426 0.0000e+00
     28.000     6.3472     6.3447  34.612494    34.9056    27.4334     1.1204 0.0000e+00
     29.000     6.3418     6.3393  34.608868    34.9066    27.4348     1.2379 0.0000e+00
     30.000     6.3324     6.3297  34.601341    34.9073    27.4367     1.2482 0.0000e+00
     31.000     6.3423     6.3396  34.613759    34.9105    27.4379     1.1744 0.0000e+00
     32.000     6.3509     6.3481  34.624835    34.9136    27.4392     1.2443 0.0000e+00
     33.000     6.3405     6.3376  34.615883    34.9138    27.4407     1.2828 0.0000e+00
     34.000     6.3459     6.3429  34.623203    34.9159    27.4417     1.2542 0.0000e+00
     35.000     6.3674     6.3644  34.650825    34.9242    27.4454     1.2736 0.0000e+00
     36.000     6.3898     6.3866  34.678960    34.9323    27.4489     1.1728 0.0000e+00
     37.000     6.4149     6.4116  34.711515    34.9425    27.4536     1.1673 0.0000e+00
     38.000     6.4362     6.4329  34.739640    34.9515    27.4579     1.1276 0.0000e+00
     39.000     6.4383     6.4349  34.743823    34.9535    27.4592     1.1218 0.0000e+00
     40.000     6.4457     6.4421  34.753209    34.9560    27.4602     1.0155 0.0000e+00
     41.000     6.4447     6.4411  34.753228    34.9565    27.4607     0.9911 0.0000e+00
     42.000     6.4432     6.4395  34.752379    34.9565    27.4610     1.0045 0.0000e+00
     43.000     6.4403     6.4365  34.749761    34.9561    27.4611     1.0698 0.0000e+00
     44.000     6.4389     6.4350  34.749020    34.9562    27.4613     1.0040 0.0000e+00
     45.000     6.4419     6.4379  34.753016    34.9571    27.4617     1.0358 0.0000e+00
     46.000     6.4542     6.4501  34.768550    34.9613    27.4633     1.0368 0.0000e+00
     47.000     6.4587     6.4545  34.777701    34.9664    27.4668     0.9585 0.0000e+00
     48.000     6.4944     6.4902  34.823812    34.9808    27.4734     1.0576 0.0000e+00
     49.000     6.5402     6.5358  34.889293    35.0064    27.4874     0.8605 0.0000e+00
     50.000     6.5465     6.5421  34.904625    35.0165    27.4946     0.7438 0.0000e+00
     51.000     6.5362     6.5316  34.908972    35.0315    27.5078     0.6893 0.0000e+00
     52.000     6.5269     6.5223  34.905625    35.0367    27.5132     0.6279 0.0000e+00
     53.000     6.5185     6.5137  34.902647    35.0416    27.5182     0.4555 0.0000e+00
     54.000     6.5097     6.5049  34.898007    35.0449    27.5220     0.3866 0.0000e+00
     55.000     6.4929     6.4880  34.887840    35.0503    27.5285     0.3915 0.0000e+00
     56.000     6.4883     6.4833  34.885843    35.0523    27.5307     0.3505 0.0000e+00
     57.000     6.4688     6.4637  34.876021    35.0609    27.5401     0.3359 0.0000e+00
     58.000     6.4647     6.4596  34.877843    35.0666    27.5452     0.2698 0.0000e+00
     59.000     6.4664     6.4611  34.884219    35.0715    27.5488     0.1999 0.0000e+00
     60.000     6.4674     6.4621  34.885606    35.0714    27.5486     0.1732 0.0000e+00
     61.000     6.4620     6.4566  34.887051    35.0781    27.5546     0.1275 0.0000e+00
     62.000     6.4464     6.4409  34.876164    35.0815    27.5594     0.0599 0.0000e+00
     63.000     6.4232     6.4176  34.858755    35.0853    27.5656     0.0028 0.0000e+00
     64.000     6.3978     6.3921  34.839525    35.0895    27.5722    -0.0353 0.0000e+00
     65.000     6.3930     6.3873  34.835891    35.0898    27.5731    -0.0328 0.0000e+00
     66.000     6.3797     6.3739  34.825759    35.0917    27.5764    -0.0356 0.0000e+00
     67.000     6.3706     6.3647  34.819057    35.0930    27.5787     0.0210 0.0000e+00
     68.000     6.3623     6.3563  34.813512    35.0949    27.5812    -0.0367 0.0000e+00
     69.000     6.3604     6.3544  34.812631    35.0953    27.5818    -0.0442 0.0000e+00
     70.000     6.3523     6.3461  34.806303    35.0961    27.5836    -0.0348 0.0000e+00
     71.000     6.3259     6.3197  34.785183    35.0990    27.5894    -0.0537 0.0000e+00
     72.000     6.2812     6.2749  34.745562    35.1002    27.5962    -0.0525 0.0000e+00
     73.000     6.2557     6.2493  34.723259    35.1009    27.6001    -0.0628 0.0000e+00
     74.000     6.2516     6.2451  34.719905    35.1009    27.6007    -0.0670 0.0000e+00
     75.000     6.2539     6.2474  34.722122    35.1005    27.6001    -0.0670 0.0000e+00
     76.000     6.2443     6.2377  34.714014    35.1008    27.6016    -0.0659 0.0000e+00
     77.000     6.2413     6.2346  34.711902    35.1010    27.6021    -0.0646 0.0000e+00
     78.000     6.2357     6.2289  34.707484    35.1014    27.6032    -0.0926 0.0000e+00
     79.000     6.2308     6.2239  34.704075    35.1020    27.6043    -0.0858 0.0000e+00
     80.000     6.2143     6.2073  34.689431    35.1021    27.6066    -0.0770 0.0000e+00
     81.000     6.2036     6.1966  34.679770    35.1017    27.6077    -0.0918 0.0000e+00
     82.000     6.1852     6.1781  34.663656    35.1021    27.6104    -0.0822 0.0000e+00
     83.000     6.1766     6.1694  34.656360    35.1023    27.6117    -0.0996 0.0000e+00
     84.000     6.1695     6.1622  34.650369    35.1024    27.6127    -0.0930 0.0000e+00
     85.000     6.1748     6.1675  34.655421    35.1020    27.6117    -0.0611 0.0000e+00
     86.000     6.1529     6.1455  34.636614    35.1030    27.6153    -0.0810 0.0000e+00
     87.000     6.1496     6.1421  34.634344    35.1033    27.6160    -0.0980 0.0000e+00
     88.000     6.1447     6.1371  34.630407    35.1035    27.6168    -0.0874 0.0000e+00
     89.000     6.1415     6.1338  34.627876    35.1034    27.6172    -0.0671 0.0000e+00
     90.000     6.1361     6.1283  34.623064    35.1031    27.6177    -0.0662 0.0000e+00
     91.000     6.1213     6.1135  34.610493    35.1037    27.6200    -0.0906 0.0000e+00
     92.000     6.1139     6.1059  34.603981    35.1035    27.6209    -0.0957 0.0000e+00
     93.000     6.1040     6.0959  34.595828    35.1041    27.6226    -0.0988 0.0000e+00
     94.000     6.1006     6.0924  34.594155    35.1052    27.6240    -0.0656 0.0000e+00
     95.000     6.1021     6.0939  34.595721    35.1049    27.6235    -0.0774 0.0000e+00
     96.000     6.0942     6.0859  34.589601    35.1056    27.6251    -0.0663 0.0000e+00
     97.000     6.0532     6.0448  34.554378    35.1078    27.6322    -0.0869 0.0000e+00
     98.000     6.0388     6.0304  34.542789    35.1090    27.6351    -0.0961 0.0000e+00
     99.000     6.0462     6.0377  34.549087    35.1081    27.6333    -0.0974 0.0000e+00
    100.000     6.0318     6.0233  34.537342    35.1091    27.6360    -0.0993 0.0000e+00
    101.000     6.0244     6.0157  34.531431    35.1096    27.6374    -0.0963 0.0000e+00
    102.000     6.0155     6.0067  34.523676    35.1096    27.6385    -0.0998 0.0000e+00
    103.000     5.9835     5.9747  34.495868    35.1107    27.6435    -0.0924 0.0000e+00
    104.000     5.9337     5.9249  34.451260    35.1114    27.6505    -0.1057 0.0000e+00
    105.000     5.9291     5.9202  34.447059    35.1109    27.6506    -0.0971 0.0000e+00
    106.000     5.9256     5.9166  34.444129    35.1107    27.6510    -0.0988 0.0000e+00
    107.000     5.9206     5.9115  34.440002    35.1107    27.6516    -0.0985 0.0000e+00
    108.000     5.9176     5.9084  34.437624    35.1107    27.6520    -0.0970 0.0000e+00
    109.000     5.9114     5.9022  34.432645    35.1109    27.6529    -0.0984 0.0000e+00
    110.000     5.9102     5.9008  34.431813    35.1107    27.6530    -0.1008 0.0000e+00
    111.000     5.9086     5.8991  34.430932    35.1109    27.6533    -0.0993 0.0000e+00
    112.000     5.9049     5.8954  34.428124    35.1109    27.6538    -0.0966 0.0000e+00
    113.000     5.9039     5.8943  34.427366    35.1107    27.6538    -0.1002 0.0000e+00
    114.000     5.8810     5.8714  34.407513    35.1114    27.6572    -0.0986 0.0000e+00
    115.000     5.8580     5.8483  34.387298    35.1118    27.6605    -0.0963 0.0000e+00
    116.000     5.8519     5.8421  34.382252    35.1120    27.6614    -0.0947 0.0000e+00
    117.000     5.8537     5.8438  34.383820    35.1113    27.6607    -0.0931 0.0000e+00
    118.000     5.8236     5.8137  34.357065    35.1117    27.6648    -0.0964 0.0000e+00
    119.000     5.8078     5.7978  34.342545    35.1111    27.6663    -0.0996 0.0000e+00
    120.000     5.8025     5.7924  34.337931    35.1109    27.6668    -0.0990 0.0000e+00
    121.000     5.7887     5.7785  34.326067    35.1112    27.6689    -0.1013 0.0000e+00
    122.000     5.7706     5.7603  34.309847    35.1111    27.6711    -0.0979 0.0000e+00
    123.000     5.7383     5.7280  34.281188    35.1116    27.6755    -0.0955 0.0000e+00
    124.000     5.7040     5.6937  34.250545    35.1119    27.6801    -0.0979 0.0000e+00
    125.000     5.6976     5.6871  34.245044    35.1118    27.6808    -0.1004 0.0000e+00
    126.000     5.6795     5.6690  34.228518    35.1113    27.6826    -0.0994 0.0000e+00
    127.000     5.6602     5.6496  34.210081    35.1099    27.6840    -0.0997 0.0000e+00
    128.000     5.6464     5.6358  34.197634    35.1095    27.6854    -0.0994 0.0000e+00
    129.000     5.6312     5.6205  34.183593    35.1088    27.6867    -0.0987 0.0000e+00
    130.000     5.6260     5.6153  34.178144    35.1075    27.6863    -0.0993 0.0000e+00
    131.000     5.6042     5.5934  34.158197    35.1069    27.6886    -0.1018 0.0000e+00
    132.000     5.5917     5.5808  34.147189    35.1069    27.6901    -0.1010 0.0000e+00
    133.000     5.5693     5.5583  34.126201    35.1058    27.6921    -0.1004 0.0000e+00
    134.000     5.5642     5.5532  34.121762    35.1055    27.6924    -0.1000 0.0000e+00
    135.000     5.5428     5.5316  34.102258    35.1050    27.6947    -0.0971 0.0000e+00
    136.000     5.5231     5.5120  34.087587    35.1082    27.6997    -0.1007 0.0000e+00
    137.000     5.4991     5.4879  34.067154    35.1095    27.7036    -0.1007 0.0000e+00
    138.000     5.4970     5.4857  34.065615    35.1093    27.7038    -0.0991 0.0000e+00
    139.000     5.4969     5.4856  34.065953    35.1093    27.7038    -0.0958 0.0000e+00
    140.000     5.4933     5.4818  34.063180    35.1094    27.7043    -0.0974 0.0000e+00
    141.000     5.4901     5.4786  34.060803    35.1095    27.7048    -0.0978 0.0000e+00
    142.000     5.4784     5.4668  34.050825    35.1097    27.7064    -0.1000 0.0000e+00
    143.000     5.4769     5.4652  34.049565    35.1093    27.7063    -0.0894 0.0000e+00
    144.000     5.4336     5.4218  34.009852    35.1086    27.7110    -0.0993 0.0000e+00
    145.000     5.4243     5.4125  34.002012    35.1087    27.7123    -0.1000 0.0000e+00
    146.000     5.4201     5.4082  33.998128    35.1082    27.7124    -0.0986 0.0000e+00
    147.000     5.4184     5.4065  33.996794    35.1079    27.7123    -0.1070 0.0000e+00
    148.000     5.4093     5.3972  33.988047    35.1069    27.7127    -0.0993 0.0000e+00
    149.000     5.3823     5.3703  33.963575    35.1065    27.7156    -0.1004 0.0000e+00
    150.000     5.3579     5.3457  33.940628    35.1052    27.7176    -0.0988 0.0000e+00
    151.000     5.3345     5.3223  33.919516    35.1049    27.7202    -0.0963 0.0000e+00
    152.000     5.2813     5.2691  33.872750    35.1063    27.7277    -0.1001 0.0000e+00
    153.000     5.2457     5.2334  33.839810    35.1052    27.7311    -0.0974 0.0000e+00
    154.000     5.2341     5.2218  33.828660    35.1040    27.7315    -0.1022 0.0000e+00
    155.000     5.2184     5.2060  33.813613    35.1026    27.7323    -0.1023 0.0000e+00
    156.000     5.1930     5.1806  33.790090    35.1015    27.7345    -0.0974 0.0000e+00
    157.000     5.1806     5.1681  33.778371    35.1005    27.7352    -0.1122 0.0000e+00
    158.000     5.1746     5.1620  33.772422    35.0995    27.7351    -0.0994 0.0000e+00
    159.000     5.1575     5.1449  33.756732    35.0987    27.7365    -0.1027 0.0000e+00
    160.000     5.1424     5.1297  33.742757    35.0979    27.7377    -0.1028 0.0000e+00
    161.000     5.1140     5.1013  33.716810    35.0972    27.7405    -0.0995 0.0000e+00
    162.000     5.1024     5.0896  33.705668    35.0961    27.7410    -0.1004 0.0000e+00
    163.000     5.0488     5.0360  33.655161    35.0934    27.7452    -0.0960 0.0000e+00
    164.000     5.0363     5.0235  33.644368    35.0935    27.7467    -0.0989 0.0000e+00
    165.000     5.0279     5.0150  33.637346    35.0937    27.7479    -0.1006 0.0000e+00
    166.000     5.0331     5.0201  33.642312    35.0934    27.7471    -0.0864 0.0000e+00
    167.000     5.0271     5.0140  33.638012    35.0943    27.7484    -0.0985 0.0000e+00
    168.000     5.0347     5.0216  33.648528    35.0979    27.7504    -0.0963 0.0000e+00
    169.000     5.0351     5.0218  33.651490    35.1004    27.7524    -0.0963 0.0000e+00
    170.000     5.0318     5.0185  33.649020    35.1005    27.7528    -0.0990 0.0000e+00
    171.000     5.0302     5.0167  33.647608    35.1001    27.7527    -0.0996 0.0000e+00
    172.000     5.0293     5.0158  33.647410    35.1002    27.7529    -0.1010 0.0000e+00
    173.000     5.0241     5.0106  33.643089    35.1001    27.7535    -0.0965 0.0000e+00
    174.000     5.0182     5.0046  33.638203    35.1001    27.7542    -0.0987 0.0000e+00
    175.000     5.0115     4.9978  33.632605    35.1001    27.7550    -0.0970 0.0000e+00
    176.000     5.0017     4.9879  33.623748    35.0997    27.7558    -0.0955 0.0000e+00
    177.000     4.9923     4.9785  33.615385    35.0993    27.7566    -0.1005 0.0000e+00
    178.000     4.9796     4.9657  33.602995    35.0979    27.7569    -0.0984 0.0000e+00
    179.000     4.9473     4.9334  33.571765    35.0951    27.7585    -0.1010 0.0000e+00
    180.000     4.9139     4.9000  33.539663    35.0925    27.7603    -0.0999 0.0000e+00
