development/cnv_functions/Sta0002.cnv
* Sea-Bird SBE 9 Data File:
* FileName = C:\Seabird\CTDDATA\Sta0001.hdr
* Software Version Seasave V 7.26.7.107
* Temperature SN = 5884
* Conductivity SN = 2860
* Number of Bytes Per Scan = 44
* Number of Voltage Words = 5
* Number of Scans Averaged by the Deck Unit = 1
* NMEA Latitude = 81 12.09 N
* NMEA Longitude = 009 42.15 W
* NMEA UTC (Time) = Jan 01 2000 07:43:32
* NMEA baud rate = 9600
** Ship name [platform code]: Kronprins Haakon [9566] ""
** Station: 0001
** Cruise: 2000xxxxxx
** Echodepth [m]: 151
** Log [Nm]: 1637.09
** Wind-Dir [deg T] Force [m/s]: 20 05
** Airtemp (dry) [degC]: 1.1
** Air pressure [mBar]: 1014.9
** CTD-snr, rosette-snr, deckunit-snr: 09-1346, 32-1222, 11-1121
** Moonpool(M)/Skuteside(S): S
** Cruise name: TEST 2000
# nquan = 15                                
# nvalues = 18024                       
# units = specified
# name 0 = prDM: Pressure, Digiquartz [db]
# name 1 = t090C: Temperature [ITS-90, deg C]
# name 2 = t190C: Temperature, 2 [ITS-90, deg C]
# name 3 = c0S/m: Conductivity [S/m]
# name 4 = c1S/m: Conductivity, 2 [S/m]
# name 5 = sbox0Mm/Kg: Oxygen, SBE 43 [umol/kg]
# name 6 = wetCDOM: Fluorescence, WET Labs CDOM [mg/m^3]
# name 7 = flECO-AFL: Fluorescence, WET Labs ECO-AFL/FL [mg/m^3]
# name 8 = CStarAt0: Beam Attenuation, WET Labs C-Star [1/m]
# name 9 = timeS: Time, Elapsed [seconds]
# name 10 = latitude: Latitude [deg]
# name 11 = longitude: Longitude [deg]
# name 12 = sal00: Salinity, Practical [PSU]
# name 13 = sal11: Salinity, Practical, 2 [PSU]
# name 14 = flag: flag
# span 0 =      0.075,    151.044       
# span 1 =    -1.6133,     7.2177       
# span 2 =    -1.6131,     7.0433       
# span 3 =   0.273382,   2.882879       
# span 4 =   0.023169,   2.805517       
# span 5 =    196.511,    467.109       
# span 6 =     0.0721,     0.2607       
# span 7 =    -0.0153,     0.6735       
# span 8 =     0.2080,     2.1185       
# span 9 =      0.000,    750.958       
# span 10 =   81.26816,   81.26826      
# span 11 =   -9.78592,   -9.78576      
# span 12 =     2.6228,    34.1496      
# span 13 =     0.1740,    34.1476      
# span 14 = 0.0000e+00, 0.0000e+00      
# interval = seconds: 0.0416667
# start_time = Jan 01 2000 07:43:32 [NMEA time, header]
# bad_flag = -9.990e-29
*END*
[from data line 16964]
      7.911    -1.3742    -1.3754   2.434709   2.434654    384.162     0.1123     0.4789     0.2891    706.833   81.26826   -9.78580    30.1724    30.1728 0.0000e+00
      7.888    -1.3734    -1.3752   2.434700   2.434685    384.211     0.1123     0.4783     0.2893    706.875   81.26826   -9.78580    30.1715    30.1731 0.0000e+00
      7.864    -1.3726    -1.3753   2.434713   2.434690    384.443     0.1123     0.4775     0.2895    706.917   81.26826   -9.78580    30.1708    30.1733 0.0000e+00
      7.840    -1.3724    -1.3751   2.434702   2.434696    384.554     0.1123     0.4766     0.2896    706.958   81.26826   -9.78580    30.1705    30.1732 0.0000e+00
      7.816    -1.3723    -1.3752   2.434714   2.434716    384.440     0.1123     0.4755     0.2897    707.000   81.26826   -9.78580    30.1706    30.1735 0.0000e+00
      7.791    -1.3717    -1.3744   2.434736   2.434713    384.296     0.1123     0.4740     0.2898    707.042   81.26826   -9.78580    30.1703    30.1727 0.0000e+00
      7.766    -1.3697    -1.3725   2.434731   2.434671    384.306     0.1123     0.4720     0.2898    707.083   81.26826   -9.78580    30.1682    30.1702 0.0000e+00
      7.740    -1.3679    -1.3693   2.434746   2.434632    384.506     0.1123     0.4697     0.2898    707.125   81.26826   -9.78580    30.1666    30.1665 0.0000e+00
      7.715    -1.3669    -1.3669   2.434722   2.434613    384.673     0.1123     0.4668     0.2897    707.167   81.26826   -9.78580    30.1653    30.1638 0.0000e+00
      7.690    -1.3663    -1.3657   2.434745   2.434605    384.664     0.1123     0.4634     0.2897    707.208   81.26826   -9.78580    30.1650    30.1625 0.0000e+00
      7.665    -1.3652    -1.3656   2.434764   2.434605    384.657     0.1124     0.4600     0.2896    707.250   81.26826   -9.78580    30.1642    30.1624 0.0000e+00
      7.640    -1.3632    -1.3660   2.434785   2.434583    384.636     0.1124     0.4573     0.2894    707.292   81.26826   -9.78580    30.1624    30.1625 0.0000e+00
      7.617    -1.3618    -1.3668   2.434810   2.434601    384.524     0.1124     0.4554     0.2892    707.333   81.26826   -9.78580    30.1614    30.1636 0.0000e+00
      7.593    -1.3611    -1.3668   2.434823   2.434622    384.372     0.1124     0.4538     0.2889    707.375   81.26826   -9.78580    30.1609    30.1639 0.0000e+00
      7.569    -1.3612    -1.3659   2.434822   2.434608    384.199     0.1125     0.4525     0.2886    707.417   81.26826   -9.78580    30.1610    30.1628 0.0000e+00
      7.544    -1.3609    -1.3657   2.434823   2.434646    384.158     0.1125     0.4514     0.2881    707.458   81.26826   -9.78580    30.1607    30.1631 0.0000e+00
      7.518    -1.3605    -1.3638   2.434840   2.434641    384.282     0.1126     0.4505     0.2875    707.500   81.26826   -9.78580    30.1605    30.1612 0.0000e+00
      7.493    -1.3594    -1.3612   2.434847   2.434657    384.287     0.1127     0.4498     0.2868    707.542   81.26826   -9.78580    30.1595    30.1588 0.0000e+00
      7.467    -1.3587    -1.3593   2.434881   2.434714    384.206     0.1129     0.4493     0.2861    707.583   81.26826   -9.78580    30.1593    30.1576 0.0000e+00
      7.442    -1.3577    -1.3584   2.434883   2.434701    384.290     0.1130     0.4489     0.2857    707.625   81.26826   -9.78580    30.1583    30.1566 0.0000e+00
      7.418    -1.3576    -1.3575   2.434894   2.434729    384.347     0.1131     0.4486     0.2853    707.667   81.26826   -9.78580    30.1584    30.1560 0.0000e+00
      7.396    -1.3573    -1.3563   2.434900   2.434747    384.200     0.1133     0.4484     0.2851    707.708   81.26826   -9.78580    30.1582    30.1551 0.0000e+00
      7.372    -1.3571    -1.3559   2.434863   2.434775    384.009     0.1133     0.4482     0.2849    707.750   81.26826   -9.78580    30.1575    30.1551 0.0000e+00
      7.348    -1.3569    -1.3554   2.434922   2.434723    383.895     0.1134     0.4480     0.2847    707.792   81.26826   -9.78580    30.1581    30.1539 0.0000e+00
      7.323    -1.3564    -1.3547   2.434950   2.434792    383.840     0.1135     0.4478     0.2846    707.833   81.26826   -9.78580    30.1580    30.1541 0.0000e+00
      7.299    -1.3558    -1.3536   2.434952   2.434832    383.819     0.1135     0.4476     0.2845    707.875   81.26826   -9.78580    30.1574    30.1536 0.0000e+00
      7.274    -1.3550    -1.3528   2.434986   2.434829    383.883     0.1135     0.4474     0.2845    707.917   81.26826   -9.78580    30.1571    30.1527 0.0000e+00
      7.249    -1.3542    -1.3533   2.434982   2.434806    384.055     0.1135     0.4472     0.2844    707.958   81.26826   -9.78580    30.1562    30.1529 0.0000e+00
      7.225    -1.3534    -1.3538   2.434978   2.434805    384.178     0.1135     0.4469     0.2844    708.000   81.26826   -9.78580    30.1554    30.1534 0.0000e+00
      7.201    -1.3529    -1.3541   2.434979   2.434839    384.160     0.1136     0.4466     0.2843    708.042   81.26826   -9.78580    30.1549    30.1542 0.0000e+00
      7.175    -1.3527    -1.3539   2.435011   2.434851    384.182     0.1136     0.4461     0.2843    708.083   81.26826   -9.78580    30.1552    30.1542 0.0000e+00
      7.150    -1.3528    -1.3535   2.435011   2.434856    384.266     0.1136     0.4455     0.2843    708.125   81.26826   -9.78580    30.1553    30.1539 0.0000e+00
      7.125    -1.3528    -1.3527   2.435005   2.434889    384.298     0.1136     0.4447     0.2842    708.167   81.26826   -9.78580    30.1552    30.1535 0.0000e+00
      7.100    -1.3529    -1.3526   2.435005   2.434863    384.283     0.1136     0.4436     0.2842    708.208   81.26826   -9.78580    30.1553    30.1531 0.0000e+00
      7.076    -1.3529    -1.3528   2.435005   2.434883    384.229     0.1136     0.4423     0.2841    708.250   81.26826   -9.78580    30.1553    30.1536 0.0000e+00
      7.053    -1.3529    -1.3530   2.435004   2.434920    384.182     0.1135     0.4406     0.2840    708.292   81.26826   -9.78580    30.1553    30.1543 0.0000e+00
      7.028    -1.3532    -1.3526   2.435003   2.434868    384.193     0.1135     0.4389     0.2840    708.333   81.26826   -9.78580    30.1556    30.1532 0.0000e+00
      7.004    -1.3535    -1.3530   2.435002   2.434867    384.274     0.1135     0.4375     0.2838    708.375   81.26826   -9.78580    30.1559    30.1536 0.0000e+00
      6.981    -1.3543    -1.3528   2.434962   2.434914    384.389     0.1135     0.4365     0.2837    708.417   81.26826   -9.78580    30.1562    30.1541 0.0000e+00
      6.958    -1.3548    -1.3528   2.434982   2.434882    384.455     0.1134     0.4357     0.2836    708.458   81.26826   -9.78580    30.1570    30.1536 0.0000e+00
      6.936    -1.3550    -1.3526   2.434976   2.434903    384.445     0.1134     0.4351     0.2835    708.500   81.26826   -9.78580    30.1571    30.1537 0.0000e+00
      6.913    -1.3556    -1.3523   2.434984   2.434909    384.459     0.1133     0.4346     0.2835    708.542   81.26826   -9.78580    30.1579    30.1535 0.0000e+00
      6.889    -1.3558    -1.3526   2.434974   2.434876    384.564     0.1132     0.4343     0.2834    708.583   81.26826   -9.78580    30.1580    30.1534 0.0000e+00
      6.865    -1.3564    -1.3528   2.434950   2.434855    384.651     0.1130     0.4340     0.2834    708.625   81.26826   -9.78580    30.1582    30.1533 0.0000e+00
      6.841    -1.3567    -1.3534   2.434960   2.434869    384.635     0.1129     0.4339     0.2834    708.667   81.26826   -9.78580    30.1587    30.1541 0.0000e+00
      6.817    -1.3569    -1.3533   2.434948   2.434869    384.674     0.1126     0.4337     0.2835    708.708   81.26826   -9.78580    30.1588    30.1540 0.0000e+00
      6.793    -1.3571    -1.3528   2.434920   2.434870    384.835     0.1123     0.4337     0.2835    708.750   81.26826   -9.78580    30.1586    30.1536 0.0000e+00
      6.768    -1.3567    -1.3507   2.434916   2.434864    384.916     0.1120     0.4336     0.2836    708.792   81.26826   -9.78580    30.1581    30.1514 0.0000e+00
      6.744    -1.3567    -1.3497   2.434900   2.434871    384.867     0.1118     0.4336     0.2836    708.833   81.26826   -9.78580    30.1579    30.1505 0.0000e+00
      6.720    -1.3563    -1.3507   2.434911   2.434858    384.862     0.1116     0.4336     0.2837    708.875   81.26826   -9.78580    30.1577    30.1513 0.0000e+00
      6.697    -1.3562    -1.3526   2.434884   2.434827    384.946     0.1115     0.4337     0.2838    708.917   81.26826   -9.78580    30.1572    30.1528 0.0000e+00
      6.673    -1.3559    -1.3536   2.434906   2.434845    384.935     0.1114     0.4337     0.2839    708.958   81.26826   -9.78580    30.1573    30.1541 0.0000e+00
      6.649    -1.3552    -1.3548   2.434886   2.434805    384.835     0.1114     0.4339     0.2840    709.000   81.26826   -9.78580    30.1563    30.1548 0.0000e+00
      6.625    -1.3552    -1.3552   2.434838   2.434788    384.856     0.1113     0.4340     0.2841    709.042   81.26826   -9.78580    30.1557    30.1550 0.0000e+00
      6.601    -1.3549    -1.3556   2.434806   2.434834    384.859     0.1112     0.4343     0.2844    709.083   81.26826   -9.78580    30.1549    30.1560 0.0000e+00
      6.578    -1.3543    -1.3554   2.434818   2.434819    384.745     0.1112     0.4346     0.2847    709.125   81.26826   -9.78580    30.1545    30.1556 0.0000e+00
      6.554    -1.3540    -1.3547   2.434829   2.434815    384.738     0.1112     0.4351     0.2851    709.167   81.26826   -9.78580    30.1544    30.1549 0.0000e+00
      6.530    -1.3534    -1.3543   2.434830   2.434821    384.858     0.1112     0.4356     0.2855    709.208   81.26826   -9.78580    30.1538    30.1546 0.0000e+00
      6.506    -1.3534    -1.3543   2.434830   2.434795    384.949     0.1111     0.4364     0.2859    709.250   81.26826   -9.78580    30.1538    30.1542 0.0000e+00
      6.482    -1.3535    -1.3550   2.434846   2.434787    384.949     0.1111     0.4375     0.2862    709.292   81.26826   -9.78580    30.1541    30.1548 0.0000e+00
      6.458    -1.3536    -1.3561   2.434813   2.434800    384.938     0.1111     0.4389     0.2864    709.333   81.26826   -9.78580    30.1538    30.1561 0.0000e+00
      6.432    -1.3540    -1.3566   2.434785   2.434777    385.001     0.1111     0.4405     0.2865    709.375   81.26826   -9.78580    30.1538    30.1563 0.0000e+00
      6.407    -1.3546    -1.3561   2.434756   2.434778    385.106     0.1111     0.4422     0.2866    709.417   81.26826   -9.78580    30.1541    30.1559 0.0000e+00
      6.383    -1.3553    -1.3558   2.434765   2.434784    385.163     0.1111     0.4436     0.2867    709.458   81.26826   -9.78580    30.1549    30.1557 0.0000e+00
      6.359    -1.3555    -1.3543   2.434737   2.434834    385.170     0.1111     0.4446     0.2868    709.500   81.26826   -9.78580    30.1547    30.1548 0.0000e+00
      6.333    -1.3559    -1.3535   2.434725   2.434805    385.148     0.1111     0.4454     0.2869    709.542   81.26826   -9.78580    30.1550    30.1537 0.0000e+00
      6.307    -1.3561    -1.3527   2.434724   2.434776    385.115     0.1111     0.4460     0.2870    709.583   81.26826   -9.78580    30.1552    30.1525 0.0000e+00
      6.282    -1.3560    -1.3525   2.434703   2.434776    385.105     0.1111     0.4465     0.2870    709.625   81.26826   -9.78580    30.1548    30.1523 0.0000e+00
      6.258    -1.3559    -1.3528   2.434730   2.434717    385.117     0.1111     0.4468     0.2870    709.667   81.26826   -9.78580    30.1551    30.1518 0.0000e+00
      6.234    -1.3556    -1.3528   2.434747   2.434696    385.162     0.1111     0.4470     0.2869    709.708   81.26826   -9.78580    30.1550    30.1515 0.0000e+00
      6.210    -1.3552    -1.3530   2.434748   2.434721    385.083     0.1111     0.4472     0.2869    709.750   81.26826   -9.78580    30.1547    30.1521 0.0000e+00
      6.187    -1.3549    -1.3527   2.434748   2.434717    384.874     0.1111     0.4473     0.2867    709.792   81.26826   -9.78580    30.1544    30.1517 0.0000e+00
      6.163    -1.3549    -1.3531   2.434748   2.434679    384.758     0.1111     0.4474     0.2866    709.833   81.26826   -9.78580    30.1544    30.1516 0.0000e+00
      6.140    -1.3548    -1.3535   2.434732   2.434651    384.699     0.1111     0.4474     0.2864    709.875   81.26826   -9.78580    30.1541    30.1517 0.0000e+00
      6.118    -1.3549    -1.3538   2.434705   2.434650    384.620     0.1111     0.4474     0.2862    709.917   81.26826   -9.78580    30.1538    30.1520 0.0000e+00
      6.097    -1.3546    -1.3536   2.434716   2.434625    384.601     0.1111     0.4474     0.2859    709.958   81.26826   -9.78580    30.1537    30.1514 0.0000e+00
      6.076    -1.3546    -1.3536   2.434705   2.434634    384.655     0.1111     0.4473     0.2856    710.000   81.26826   -9.78580    30.1536    30.1516 0.0000e+00
      6.055    -1.3541    -1.3535   2.434717   2.434650    384.650     0.1111     0.4472     0.2852    710.042   81.26826   -9.78580    30.1532    30.1517 0.0000e+00
      6.034    -1.3538    -1.3534   2.434691   2.434661    384.592     0.1111     0.4470     0.2847    710.083   81.26826   -9.78580    30.1526    30.1518 0.0000e+00
      6.013    -1.3539    -1.3528   2.434727   2.434699    384.612     0.1111     0.4468     0.2843    710.125   81.26826   -9.78580    30.1532    30.1517 0.0000e+00
      5.992    -1.3535    -1.3522   2.434712   2.434726    384.654     0.1111     0.4465     0.2841    710.167   81.26826   -9.78580    30.1526    30.1515 0.0000e+00
      5.972    -1.3536    -1.3519   2.434700   2.434738    384.667     0.1111     0.4460     0.2839    710.208   81.26826   -9.78580    30.1525    30.1513 0.0000e+00
      5.954    -1.3535    -1.3518   2.434717   2.434706    384.718     0.1111     0.4454     0.2837    710.250   81.26826   -9.78580    30.1527    30.1508 0.0000e+00
      5.937    -1.3537    -1.3516   2.434743   2.434696    384.766     0.1111     0.4447     0.2836    710.292   81.26826   -9.78580    30.1532    30.1505 0.0000e+00
      5.920    -1.3534    -1.3512   2.434765   2.434723    384.723     0.1111     0.4436     0.2835    710.333   81.26826   -9.78580    30.1532    30.1504 0.0000e+00
      5.902    -1.3534    -1.3512   2.434738   2.434717    384.662     0.1111     0.4422     0.2834    710.375   81.26826   -9.78580    30.1529    30.1504 0.0000e+00
      5.883    -1.3531    -1.3510   2.434761   2.434718    384.645     0.1111     0.4404     0.2834    710.417   81.26826   -9.78580    30.1529    30.1502 0.0000e+00
      5.864    -1.3528    -1.3503   2.434777   2.434766    384.651     0.1111     0.4381     0.2834    710.458   81.26826   -9.78580    30.1528    30.1502 0.0000e+00
      5.844    -1.3520    -1.3501   2.434811   2.434788    384.675     0.1111     0.4356     0.2834    710.500   81.26826   -9.78580    30.1525    30.1503 0.0000e+00
      5.825    -1.3519    -1.3491   2.434827   2.434779    384.740     0.1111     0.4334     0.2834    710.542   81.26826   -9.78580    30.1526    30.1491 0.0000e+00
      5.806    -1.3518    -1.3491   2.434827   2.434779    384.797     0.1110     0.4315     0.2834    710.583   81.26826   -9.78580    30.1525    30.1492 0.0000e+00
      5.787    -1.3515    -1.3491   2.434893   2.434773    384.772     0.1110     0.4301     0.2834    710.625   81.26826   -9.78580    30.1531    30.1491 0.0000e+00
      5.766    -1.3508    -1.3488   2.434888   2.434806    384.742     0.1110     0.4291     0.2834    710.667   81.26826   -9.78580    30.1524    30.1492 0.0000e+00
      5.746    -1.3497    -1.3478   2.434913   2.434886    384.787     0.1110     0.4282     0.2835    710.708   81.26826   -9.78580    30.1516    30.1493 0.0000e+00
      5.727    -1.3487    -1.3467   2.434942   2.434915    384.837     0.1109     0.4276     0.2835    710.750   81.26826   -9.78580    30.1510    30.1486 0.0000e+00
      5.708    -1.3480    -1.3461   2.434954   2.434922    384.810     0.1109     0.4271     0.2835    710.792   81.26826   -9.78580    30.1505    30.1481 0.0000e+00
