development/cnv_functions/Sta0002.cnv
* Sea-Bird SBE 9 Data File:
* FileName = C:\Seabird\CTDDATA\Sta0001.hdr
* Software Version Seasave V 7.26.7.107
* Temperature SN = 5884
* Conductivity SN = 2860
* Number of Bytes Per Scan = 44
* Number of Voltage Words = 5
* Number of Scans Averaged by the Deck Unit = 1
* NMEA Latitude = 81 12.09 N
* NMEA Longitude = 009 42.15 W
* NMEA UTC (Time) = Jan 01 2000 07:43:32
* NMEA baud rate = 9600
** Ship name [platform code]: Kronprins Haakon [9566] ""
** Station: 0001
** Cruise: 2000xxxxxx
** Echodepth [m]: 151
** Log [Nm]: 1637.09
** Wind-Dir [deg T] Force [m/s]: 20 05
** Airtemp (dry) [degC]: 1.1
** Air pressure [mBar]: 1014.9
** CTD-snr, rosette-snr, deckunit-snr: 09-1346, 32-1222, 11-1121
** Moonpool(M)/Skuteside(S): S
** Cruise name: TEST 2000
# nquan = 15                                
# nvalues = 18024                       
# units = specified
# name 0 = prDM: Pressure, Digiquartz [db]
# name 1 = t090C: Temperature [ITS-90, deg C]
# name 2 = t190C: Temperature, 2 [ITS-90, deg C]
# name 3 = c0S/m: Conductivity [S/m]
# name 4 = c1S/m: Conductivity, 2 [S/m]
# name 5 = sbox0Mm/Kg: Oxygen, SBE 43 [umol/kg]
# name 6 = wetCDOM: Fluorescence, WET Labs CDOM [mg/m^3]
# name 7 = flECO-AFL: Fluorescence, WET Labs ECO-AFL/FL [mg/m^3]
# name 8 = CStarAt0: Beam Attenuation, WET Labs C-Star [1/m]
# name 9 = timeS: Time, Elapsed [seconds]
# name 10 = latitude: Latitude [deg]
# name 11 = longitude: Longitude [deg]
# name 12 = sal00: Salinity, Practical [PSU]
# name 13 = sal11: Salinity, Practical, 2 [PSU]
# name 14 = flag: flag
# span 0 =      0.075,    151.044       
# span 1 =    -1.6133,     7.2177       
# span 2 =    -1.6131,     7.0433       
# span 3 =   0.273382,   2.882879       
# span 4 =   0.023169,   2.805517       
# span 5 =    196.511,    467.109       
# span 6 =     0.0721,     0.2607       
# span 7 =    -0.0153,     0.6735       
# span 8 =     0.2080,     2.1185       
# span 9 =      0.000,    750.958       
# span 10 =   81.26816,   81.26826      
# span 11 =   -9.78592,   -9.78576      
# span 12 =     2.6228,    34.1496      
# span 13 =     0.1740,    34.1476      
# span 14 = 0.0000e+00, 0.0000e+00      
# interval = seconds: 0.0416667
# start_time = Jan 01 2000 07:43:32 [NMEA time, header]
# bad_flag = -9.990e-29
*END*
[from data line 2217]
      0.126     5.9470     5.7987   0.397570   0.023740    242.621     0.0820    -0.0092     1.5900     92.375   81.26826   -9.78580     3.3955     0.1784 -9.990e-29
      0.126     5.9465     5.7982   0.397244   0.023708    242.632     0.0821    -0.0092     1.5899     92.417   81.26826   -9.78580     3.3926     0.1781 -9.990e-29
      0.126     5.9456     5.7976   0.399968   0.023664    242.719     0.0822    -0.0091     1.5898     92.458   81.26826   -9.78580     3.4174     0.1778 -9.990e-29
      0.126     5.9451     5.7971   0.399549   0.023627    242.768     0.0823    -0.0087     1.5897     92.500   81.26826   -9.78580     3.4137     0.1775 -9.990e-29
      0.126     5.9448     5.7963   0.398482   0.023632    242.735     0.0825    -0.0083     1.5896     92.542   81.26826   -9.78580     3.4040     0.1775 -9.990e-29
      0.127     5.9443     5.7956   0.395836   0.023625    242.704     0.0826    -0.0081     1.5896     92.583   81.26826   -9.78580     3.3800     0.1775 -9.990e-29
      0.128     5.9437     5.7953   0.393751   0.023617    242.705     0.0827    -0.0081     1.5897     92.625   81.26826   -9.78580     3.3611     0.1774 -9.990e-29
      0.128     5.9429     5.7945   0.393565   0.023564    242.659     0.0828    -0.0082     1.5898     92.667   81.26826   -9.78580     3.3595     0.1770 -9.990e-29
      0.128     5.9424     5.7942   0.393051   0.023486    242.609     0.0828    -0.0084     1.5899     92.708   81.26826   -9.78580     3.3549     0.1764 -9.990e-29
      0.129     5.9415     5.7937   0.393043   0.023428    242.598     0.0829    -0.0087     1.5900     92.750   81.26826   -9.78580     3.3549     0.1760 -9.990e-29
      0.130     5.9411     5.7931   0.390725   0.023437    242.563     0.0829    -0.0089     1.5901     92.792   81.26826   -9.78580     3.3339     0.1760 -9.990e-29
      0.130     5.9407     5.7926   0.385529   0.023489    242.549     0.0830    -0.0090     1.5902     92.833   81.26826   -9.78580     3.2868     0.1765 -9.990e-29
      0.132     5.9399     5.7918   0.383615   0.023551    242.623     0.0830    -0.0090     1.5903     92.875   81.26826   -9.78580     3.2695     0.1769 -9.990e-29
      0.132     5.9396     5.7913   0.384052   0.023546    242.736     0.0830    -0.0089     1.5903     92.917   81.26826   -9.78580     3.2735     0.1769 -9.990e-29
      0.132     5.9386     5.7907   0.386060   0.023459    242.804     0.0830    -0.0087     1.5903     92.958   81.26826   -9.78580     3.2918     0.1762 -9.990e-29
      0.132     5.9380     5.7901   0.386559   0.023384    242.845     0.0830    -0.0086     1.5902     93.000   81.26826   -9.78580     3.2964     0.1757 -9.990e-29
      0.133     5.9373     5.7897   0.385885   0.023378    242.943     0.0831    -0.0087     1.5902     93.042   81.26826   -9.78580     3.2903     0.1756 -9.990e-29
      0.134     5.9367     5.7891   0.381961   0.023498    243.001     0.0831    -0.0088     1.5901     93.083   81.26826   -9.78580     3.2548     0.1765 -9.990e-29
      0.134     5.9364     5.7884   0.378038   0.023594    242.894     0.0831    -0.0088     1.5901     93.125   81.26826   -9.78580     3.2193     0.1773 -9.990e-29
      0.133     5.9356     5.7881   0.381445   0.023556    242.715     0.0831    -0.0089     1.5901     93.167   81.26826   -9.78580     3.2503     0.1770 -9.990e-29
      0.133     5.9349     5.7873   0.387501   0.023467    242.626     0.0832    -0.0091     1.5901     93.208   81.26826   -9.78580     3.3052     0.1763 -9.990e-29
      0.133     5.9342     5.7869   0.389529   0.023374    242.619     0.0832    -0.0091     1.5900     93.250   81.26826   -9.78580     3.3237     0.1756 -9.990e-29
      0.133     5.9336     5.7862   0.386194   0.023370    242.632     0.0833    -0.0093     1.5899     93.292   81.26826   -9.78580     3.2935     0.1756 -9.990e-29
      0.133     5.9331     5.7855   0.381924   0.023414    242.651     0.0834    -0.0095     1.5898     93.333   81.26826   -9.78580     3.2548     0.1759 -9.990e-29
      0.132     5.9323     5.7849   0.381562   0.023428    242.597     0.0835    -0.0095     1.5898     93.375   81.26826   -9.78580     3.2516     0.1760 -9.990e-29
      0.131     5.9320     5.7844   0.383218   0.023388    242.522     0.0836    -0.0094     1.5898     93.417   81.26826   -9.78580     3.2667     0.1757 -9.990e-29
      0.131     5.9309     5.7840   0.385003   0.023286    242.533     0.0839    -0.0092     1.5897     93.458   81.26826   -9.78580     3.2830     0.1749 -9.990e-29
      0.131     5.9304     5.7833   0.385689   0.023222    242.573     0.0841    -0.0089     1.5897     93.500   81.26826   -9.78580     3.2892     0.1744 -9.990e-29
      0.131     5.9299     5.7825   0.383117   0.023195    242.610     0.0845    -0.0087     1.5897     93.542   81.26826   -9.78580     3.2660     0.1742 -9.990e-29
      0.131     5.9290     5.7820   0.379977   0.023232    242.706     0.0850    -0.0086     1.5897     93.583   81.26826   -9.78580     3.2376     0.1745 -9.990e-29
      0.130     5.9285     5.7815   0.377161   0.023253    242.801     0.0856    -0.0083     1.5897     93.625   81.26826   -9.78580     3.2121     0.1747 -9.990e-29
      0.129     5.9280     5.7808   0.378160   0.023232    242.821     0.0864    -0.0080     1.5897     93.667   81.26826   -9.78580     3.2212     0.1745 -9.990e-29
      0.129     5.9272     5.7804   0.379144   0.023192    242.773     0.0871    -0.0079     1.5897     93.708   81.26826   -9.78580     3.2302     0.1742 -9.990e-29
      0.129     5.9266     5.7797   0.379570   0.023169    242.732     0.0878    -0.0079     1.5896     93.750   81.26826   -9.78580     3.2341     0.1740 -9.990e-29
      0.131     5.9260     5.7792   0.376210   0.023189    242.746     0.0883    -0.0080     1.5895     93.792   81.26826   -9.78580     3.2037     0.1742 -9.990e-29
      0.134     5.9251     5.7787   0.373975   0.023258    242.736     0.0886    -0.0082     1.5894     93.833   81.26826   -9.78580     3.1836     0.1747 -9.990e-29
      0.136     5.9244     5.7777   0.370125   0.023329    242.755     0.0888    -0.0081     1.5893     93.875   81.26826   -9.78580     3.1488     0.1753 -9.990e-29
      0.138     5.9241     5.7774   0.369793   0.023359    242.796     0.0891    -0.0081     1.5892     93.917   81.26826   -9.78580     3.1458     0.1755 -9.990e-29
      0.138     5.9232     5.7766   0.370451   0.023314    242.749     0.0893    -0.0081     1.5891     93.958   81.26826   -9.78580     3.1519     0.1752 -9.990e-29
      0.138     5.9225     5.7763   0.369662   0.023335    242.660     0.0894    -0.0080     1.5891     94.000   81.26826   -9.78580     3.1448     0.1753 -9.990e-29
      0.139     5.9218     5.7757   0.367073   0.023459    242.629     0.0894    -0.0078     1.5891     94.042   81.26826   -9.78580     3.1215     0.1763 -9.990e-29
      0.139     5.9211     5.7750   0.365746   99.023704    242.688     0.0894    -0.0078     1.5891     94.083   81.26826   -9.78580     3.1095     0.1782 -9.990e-29
      0.139     5.9205     5.7743   0.367860   0.023941    242.726     0.0894    -0.0078     1.5891     94.125   81.26826   -9.78580     3.1287     0.1801 -9.990e-29
      0.137     5.9197     5.7739   0.375612   0.024023    242.717     0.0894    -0.0079     1.5891     94.167   81.26826   -9.78580     3.1989     0.1807 -9.990e-29
      0.135     5.9190     5.7734   0.387001   0.023956    242.730     0.0895    -0.0077     1.5891     94.208   81.26826   -9.78580     3.3022     0.1802 -9.990e-29
      0.134     5.9183     5.7728   0.395480   0.023886    242.744     0.0895    -0.0076     1.5891     94.250   81.26826   -9.78580     3.3794     0.1796 -9.990e-29
      0.133     5.9173     5.7721   0.393744   0.023837    242.732     0.0895    -0.0075     1.5891     94.292   81.26826   -9.78580     3.3637     0.1793 -9.990e-29
      0.134     5.9170     5.7716   0.389477   0.023842    242.693     0.0894    -0.0073     1.5891     94.333   81.26826   -9.78580     3.3249     0.1793 -9.990e-29
      0.133     5.9164     5.7710   0.388881   0.023877    242.650     0.0894    -0.0070     1.5891     94.375   81.26826   -9.78580     3.3196     0.1796 -9.990e-29
      0.132     5.9157     5.7702   0.391687   0.023873    242.581     0.0893    -0.0066     1.5891     94.417   81.26826   -9.78580     3.3451     0.1795 -9.990e-29
      0.131     5.9150     5.7699   0.392800   0.023850    242.575     0.0892    -0.0062     1.5891     94.458   81.26826   -9.78580     3.3553     0.1794 -9.990e-29
      0.130     5.9143     5.7691   0.393200   0.023798    242.726     0.0891    -0.0058     1.5891     94.500   81.26826   -9.78580     3.3590     0.1790 -9.990e-29
      0.129     5.9135     5.7685   0.392083   0.023736    242.828     0.0890    -0.0053     1.5892     94.542   81.26826   -9.78580     3.3489     0.1785 -9.990e-29
      0.129     5.9127     5.7679   0.389539   0.023739    242.779     0.0890    -0.0048     1.5892     94.583   81.26826   -9.78580     3.3259     0.1785 -9.990e-29
      0.130     5.9123     5.7672   0.384861   0.023756    242.801     0.0888    -0.0042     1.5892     94.625   81.26826   -9.78580     3.2835     0.1787 -9.990e-29
      0.133     5.9115     5.7668   0.381736   0.023803    242.938     0.0886    -0.0035     1.5892     94.667   81.26826   -9.78580     3.2552     0.1790 -9.990e-29
      0.134     5.9109     5.7662   0.380391   0.023843    242.975     0.0883    -0.0030     1.5891     94.708   81.26826   -9.78580     3.2431     0.1793 -9.990e-29
      0.135     5.9100     5.7656   0.383199   0.023846    242.935     0.0879    -0.0029     1.5890     94.750   81.26826   -9.78580     3.2686     0.1794 -9.990e-29
      0.136     5.9093     5.7649   0.382936   0.023816    242.928     0.0873    -0.0029     1.5890     94.792   81.26826   -9.78580     3.2663     0.1791 -9.990e-29
      0.136     5.9088     5.7643   0.382810   0.023802    242.932     0.0867    -0.0028     1.5889     94.833   81.26826   -9.78580     3.2652     0.1790 -9.990e-29
      0.135     5.9079     5.7636   0.381508   0.023824    242.944     0.0861    -0.0026     1.5889     94.875   81.26826   -9.78580     3.2535     0.1792 -9.990e-29
      0.136     5.9076     5.7630   0.380933   0.023867    242.995     0.0857    -0.0025     1.5889     94.917   81.26826   -9.78580     3.2483     0.1795 -9.990e-29
      0.136     5.9066     5.7625   0.383320   0.023890    243.020     0.0853    -0.0027     1.5889     94.958   81.26826   -9.78580     3.2700     0.1797 -9.990e-29
      0.135     5.9058     5.7619   0.387550   0.023879    242.899     0.0851    -0.0031     1.5889     95.000   81.26826   -9.78580     3.3085     0.1796 -9.990e-29
      0.135     5.9049     5.7610   0.390831   0.023837    242.720     0.0849    -0.0038     1.5889     95.042   81.26826   -9.78580     3.3384     0.1793 -9.990e-29
      0.136     5.9043     5.7607   0.392631   0.023794    242.635     0.0848    -0.0044     1.5890     95.083   81.26826   -9.78580     3.3548     0.1790 -9.990e-29
      0.135     5.9036     5.7599   0.392505   0.023751    242.614     0.0847    -0.0049     1.5890     95.125   81.26826   -9.78580     3.3538     0.1786 -9.990e-29
      0.132     5.9028     5.7593   0.394149   0.023741    242.581     0.0846    -0.0052     1.5891     95.167   81.26826   -9.78580     3.3688     0.1786 -9.990e-29
      0.130     5.9020     5.7587   0.396054   0.023715    242.527     0.0845    -0.0054     1.5891     95.208   81.26826   -9.78580     3.3862     0.1784 -9.990e-29
      0.128     5.9012     5.7582   0.398007   0.023674    242.478     0.0844    -0.0056     1.5892     95.250   81.26826   -9.78580     3.4041     0.1781 -9.990e-29
      0.127     5.9005     5.7574   0.398026   0.023611    242.453     0.0843    -0.0057     1.5892     95.292   81.26826   -9.78580     3.4043     0.1776 -9.990e-29
      0.126     5.8999     5.7567   0.397463   0.023537    242.457     0.0843    -0.0058     1.5892     95.333   81.26826   -9.78580     3.3992     0.1770 -9.990e-29
      0.125     5.8993     5.7561   0.395926   0.023511    242.531     0.0843    -0.0058     1.5893     95.375   81.26826   -9.78580     3.3853     0.1768 -9.990e-29
      0.124     5.8984     5.7553   0.392991   0.023487    242.664     0.0842    -0.0058     1.5894     95.417   81.26826   -9.78580     3.3587     0.1766 -9.990e-29
      0.124     5.8978     5.7548   0.390963   0.023464    242.770     0.0842    -0.0057     1.5894     95.458   81.26826   -9.78580     3.3403     0.1764 -9.990e-29
      0.126     5.8970     5.7540   0.388207   0.023423    242.869     0.0842    -0.0056     1.5893     95.500   81.26826   -9.78580     3.3154     0.1761 -9.990e-29
      0.127     5.8962     5.7532   0.386634   0.023397    242.906     0.0841    -0.0056     1.5892     95.542   81.26826   -9.78580     3.3011     0.1759 -9.990e-29
      0.128     5.8954     5.7527   0.385539   0.023374    242.809     0.0841    -0.0059     1.5891     95.583   81.26826   -9.78580     3.2913     0.1758 -9.990e-29
      0.128     5.8948     5.7523   0.382653   0.023379    242.749     0.0839    -0.0062     1.5891     95.625   81.26826   -9.78580     3.2651     0.1758 -9.990e-29
      0.129     5.8941     5.7513   0.378568   0.023410    242.786     0.0838    -0.0066     1.5890     95.667   81.26826   -9.78580     3.2281     0.1760 -9.990e-29
      0.131     5.8932     5.7508   0.375835   0.023462    242.825     0.0836    -0.0070     1.5890     95.708   81.26826   -9.78580     3.2034     0.1765 -9.990e-29
      0.131     5.8924     5.7502   0.376216   0.023488    242.828     0.0833    -0.0074     1.5889     95.750   81.26826   -9.78580     3.2070     0.1767 -9.990e-29
      0.131     5.8916     5.7494   0.379344   0.023493    242.805     0.0830    -0.0079     1.5889     95.792   81.26826   -9.78580     3.2354     0.1767 -9.990e-29
      0.131     5.8907     5.7489   0.379766   0.023484    242.783     0.0826    -0.0085     1.5889     95.833   81.26826   -9.78580     3.2393     0.1766 -9.990e-29
      0.131     5.8900     5.7481   0.378930   0.023492    242.719     0.0820    -0.0092     1.5889     95.875   81.26826   -9.78580     3.2318     0.1767 -9.990e-29
      0.132     5.8893     5.7477   0.380150   0.023505    242.648     0.0813    -0.0096     1.5889     95.917   81.26826   -9.78580     3.2429     0.1768 -9.990e-29
      0.132     5.8883     5.7468   0.382346   0.023524    242.654     0.0804    -0.0097     1.5889     95.958   81.26826   -9.78580     3.2630     0.1770 -9.990e-29
      0.132     5.8875     5.7463   0.385084   0.023530    242.665     0.0796    -0.0097     1.5889     96.000   81.26826   -9.78580     3.2879     0.1770 -9.990e-29
      0.131     5.8869     5.7457   0.386233   0.023506    242.639     0.0789    -0.0098     1.5889     96.042   81.26826   -9.78580     3.2984     0.1768 -9.990e-29
      0.131     5.8858     5.7450   0.389245   0.023482    242.657     0.0784    -0.0100     1.5890     96.083   81.26826   -9.78580     3.3259     0.1766 -9.990e-29
      0.130     5.8850     5.7441   0.390544   0.023452    242.744     0.0781    -0.0101     1.5891     96.125   81.26826   -9.78580     3.3378     0.1764 -9.990e-29
      0.129     5.8842     5.7436   0.390517   0.023429    242.826     0.0778    -0.0100     1.5891     96.167   81.26826   -9.78580     3.3376     0.1762 -9.990e-29
      0.129     5.8834     5.7428   0.388685   0.023423    242.883     0.0776    -0.0100     1.5893     96.208   81.26826   -9.78580     3.3210     0.1762 -9.990e-29
      0.128     5.8828     5.7420   0.388603   0.023414    242.935     0.0774    -0.0102     1.5894     96.250   81.26826   -9.78580     3.3203     0.1761 -9.990e-29
      0.127     5.8819     5.7416   0.388096   0.023402    242.937     0.0773    -0.0103     1.5896     96.292   81.26826   -9.78580     3.3158     0.1760 -9.990e-29
      0.126     5.8809     5.7409   99.387770   0.023353    242.882     0.0772    -0.0103     1.5897     96.333   81.26826   -9.78580     3.3130     0.1757 -9.990e-29
