development/cnv_functions/Sta0002.cnv
* Sea-Bird SBE 9 Data File:
* FileName = C:\Seabird\CTDDATA\Sta0001.hdr
* Software Version Seasave V 7.26.7.107
* Temperature SN = 5884
* Conductivity SN = 2860
* Number of Bytes Per Scan = 44
* Number of Voltage Words = 5
* Number of Scans Averaged by the Deck Unit = 1
* NMEA Latitude = 81 12.09 N
* NMEA Longitude = 009 42.15 W
* NMEA UTC (Time) = Jan 01 2000 07:43:32
* NMEA baud rate = 9600
** Ship name [platform code]: Kronprins Haakon [9566] ""
** Station: 0001
** Cruise: 2000xxxxxx
** Echodepth [m]: 151
** Log [Nm]: 1637.09
** Wind-Dir [deg T] Force [m/s]: 20 05
** Airtemp (dry) [degC]: 1.1
** Air pressure [mBar]: 1014.9
** CTD-snr, rosette-snr, deckunit-snr: 09-1346, 32-1222, 11-1121
** Moonpool(M)/Skuteside(S): S
** Cruise name: TEST 2000
# nquan = 15                                
# nvalues = 18024                       
# units = specified
# name 0 = prDM: Pressure, Digiquartz [db]
# name 1 = t090C: Temperature [ITS-90, deg C]
# name 2 = t190C: Temperature, 2 [ITS-90, deg C]
# name 3 = c0S/m: Conductivity [S/m]
# name 4 = c1S/m: Conductivity, 2 [S/m]
# name 5 = sbox0Mm/Kg: Oxygen, SBE 43 [umol/kg]
# name 6 = wetCDOM: Fluorescence, WET Labs CDOM [mg/m^3]
# name 7 = flECO-AFL: Fluorescence, WET Labs ECO-AFL/FL [mg/m^3]
# name 8 = CStarAt0: Beam Attenuation, WET Labs C-Star [1/m]
# name 9 = timeS: Time, Elapsed [seconds]
# name 10 = latitude: Latitude [deg]
# name 11 = longitude: Longitude [deg]
# name 12 = sal00: Salinity, Practical [PSU]
# name 13 = sal11: Salinity, Practical, 2 [PSU]
# name 14 = flag: flag
# span 0 =      0.075,    151.044       
# span 1 =    -1.6133,     7.2177       
# span 2 =    -1.6131,     7.0433       
# span 3 =   0.273382,   2.882879       
# span 4 =   0.023169,   2.805517       
# span 5 =    196.511,    467.109       
# span 6 =     0.0721,     0.2607       
# span 7 =    -0.0153,     0.6735       
# span 8 =     0.2080,     2.1185       
# span 9 =      0.000,    750.958       
# span 10 =   81.26816,   81.26826      
# span 11 =   -9.78592,   -9.78576      
# span 12 =     2.6228,    34.1496      
# span 13 =     0.1740,    34.1476      
# span 14 = 0.0000e+00, 0.0000e+00      
# interval = seconds: 0.0416667
# start_time = Jan 01 2000 07:43:32 [NMEA time, header]
# bad_flag = -9.990e-29
*END*
[from data line 16290]
     17.120    -1.3923    -1.3902   2.437079   2.436769    384.397     0.1123     0.5426     0.2795    678.750   81.26826   -9.78582    30.2177    30.2113 0.0000e+00
     17.094    -1.3923    -1.3902   2.437062   2.436785    384.475     0.1122     0.5423     0.2798    678.792   81.26826   -9.78582    30.2174    30.2115 0.0000e+00
     17.067    -1.3926    -1.3904   2.437056   2.436810    384.609     0.1122     0.5417     0.2802    678.833   81.26826   -9.78582    30.2177    30.2121 0.0000e+00
     17.038    -1.3923    -1.3907   2.437019   2.436835    384.741     0.1122     0.5408     0.2807    678.875   81.26826   -9.78582    30.2169    30.2128 0.0000e+00
     17.010    -1.3920    -1.3908   2.437026   2.436825    384.905     0.1122     0.5399     0.2812    678.917   81.26826   -9.78582    30.2167    30.2127 0.0000e+00
     16.982    -1.3924    -1.3905   2.437029   2.436800    384.946     0.1121     0.5391     0.2816    678.958   81.26826   -9.78582    30.2172    30.2121 0.0000e+00
     16.956    -1.3924    -1.3901   2.437045   2.436716    384.851     0.1121     0.5386     0.2819    679.000   81.26826   -9.78582    30.2174    30.2106 0.0000e+00
     16.928    -1.3924    -1.3902   2.436981   2.436695    384.772     0.1120     0.5384     0.2822    679.042   81.26826   -9.78582    30.2165    30.2104 0.0000e+00
     16.899    -1.3918    -1.3894   2.436960   2.436697    384.713     0.1119     0.5382     0.2824    679.083   81.26826   -9.78582    30.2157    30.2096 0.0000e+00
     16.870    -1.3912    -1.3892   2.436913   2.436624    384.548     0.1118     0.5378     0.2826    679.125   81.26826   -9.78582    30.2144    30.2085 0.0000e+00
     16.843    -1.3908    -1.3891   2.436892   2.436655    384.337     0.1116     0.5375     0.2827    679.167   81.26826   -9.78582    30.2138    30.2088 0.0000e+00
     16.816    -1.3908    -1.3888   2.436871   2.436619    384.310     0.1115     0.5374     0.2827    679.208   81.26826   -9.78582    30.2135    30.2080 0.0000e+00
     16.788    -1.3904    -1.3885   2.436882   2.436604    384.411     0.1114     0.5374     0.2828    679.250   81.26826   -9.78582    30.2132    30.2075 0.0000e+00
     16.760    -1.3904    -1.3883   2.436892   2.436620    384.367     0.1113     0.5373     0.2828    679.292   81.26826   -9.78582    30.2134    30.2076 0.0000e+00
     16.732    -1.3904    -1.3884   2.436892   2.436572    384.231     0.1113     0.5371     0.2828    679.333   81.26826   -9.78582    30.2134    30.2070 0.0000e+00
     16.705    -1.3906    -1.3879   2.436870   2.436516    384.186     0.1112     0.5368     0.2827    679.375   81.26826   -9.78582    30.2133    30.2058 0.0000e+00
     16.679    -1.3903    -1.3874   2.436881   2.436491    384.144     0.1112     0.5366     0.2826    679.417   81.26826   -9.78582    30.2132    30.2049 0.0000e+00
     16.651    -1.3904    -1.3874   2.436870   2.436449    384.118     0.1112     0.5365     0.2825    679.458   81.26826   -9.78582    30.2132    30.2044 0.0000e+00
     16.623    -1.3905    -1.3872   2.436864   2.436438    384.132     0.1112     0.5364     0.2823    679.500   81.26826   -9.78582    30.2132    30.2041 0.0000e+00
     16.596    -1.3904    -1.3870   2.436848   2.436423    384.137     0.1112     0.5364     0.2820    679.542   81.26826   -9.78582    30.2129    30.2037 0.0000e+00
     16.568    -1.3901    -1.3870   2.436843   2.436375    384.180     0.1111     0.5363     0.2817    679.583   81.26826   -9.78582    30.2125    30.2030 0.0000e+00
     16.541    -1.3901    -1.3866   2.436843   2.436329    384.194     0.1111     0.5359     0.2812    679.625   81.26826   -9.78582    30.2125    30.2020 0.0000e+00
     16.513    -1.3902    -1.3862   2.436859   2.436351    384.082     0.1112     0.5355     0.2805    679.667   81.26826   -9.78582    30.2129    30.2019 0.0000e+00
     16.485    -1.3904    -1.3861   2.436863   2.436288    383.991     0.1112     0.5349     0.2796    679.708   81.26826   -9.78582    30.2132    30.2010 0.0000e+00
     16.458    -1.3909    -1.3856   2.436877   2.436268    384.086     0.1112     0.5344     0.2786    679.750   81.26826   -9.78582    30.2139    30.2002 0.0000e+00
     16.432    -1.3911    -1.3856   2.436920   2.436232    384.204     0.1112     0.5337     0.2776    679.792   81.26826   -9.78582    30.2147    30.1997 0.0000e+00
     16.405    -1.3911    -1.3857   2.436935   2.436220    384.224     0.1113     0.5328     0.2768    679.833   81.26826   -9.78582    30.2149    30.1997 0.0000e+00
     16.378    -1.3914    -1.3853   2.436967   2.436258    384.196     0.1113     0.5317     0.2762    679.875   81.26826   -9.78582    30.2156    30.1998 0.0000e+00
     16.350    -1.3916    -1.3854   2.436961   2.436232    384.071     0.1114     0.5303     0.2757    679.917   81.26826   -9.78582    30.2158    30.1996 0.0000e+00
     16.321    -1.3924    -1.3853   2.436937   2.436237    383.963     0.1114     0.5286     0.2754    679.958   81.26826   -9.78582    30.2163    30.1996 0.0000e+00
     16.293    -1.3915    -1.3851   2.436811   2.436232    384.047     0.1114     0.5269     0.2751    680.000   81.26826   -9.78582    30.2137    30.1993 0.0000e+00
     16.266    -1.3900    -1.3850   2.436641   2.436200    384.173     0.1114     0.5254     0.2749    680.042   81.26826   -9.78582    30.2099    30.1988 0.0000e+00
     16.239    -1.3886    -1.3848   2.436527   2.436195    384.227     0.1115     0.5244     0.2748    680.083   81.26826   -9.78582    30.2069    30.1985 0.0000e+00
     16.211    -1.3873    -1.3846   2.436492   2.436196    384.316     0.1116     0.5236     0.2747    680.125   81.26826   -9.78582    30.2051    30.1984 0.0000e+00
     16.183    -1.3871    -1.3846   2.436519   2.436143    384.461     0.1117     0.5229     0.2746    680.167   81.26826   -9.78582    30.2053    30.1977 0.0000e+00
     16.156    -1.3872    -1.3845   2.436567   2.436085    384.529     0.1118     0.5225     0.2745    680.208   81.26826   -9.78582    30.2061    30.1968 0.0000e+00
     16.129    -1.3871    -1.3841   2.436583   2.436096    384.484     0.1121     0.5221     0.2745    680.250   81.26826   -9.78582    30.2062    30.1965 0.0000e+00
     16.102    -1.3868    -1.3835   2.436525   2.436066    384.434     0.1124     0.5219     0.2745    680.292   81.26826   -9.78582    30.2051    30.1955 0.0000e+00
     16.075    -1.3870    -1.3837   2.436508   2.436071    384.341     0.1127     0.5217     0.2745    680.333   81.26826   -9.78582    30.2051    30.1958 0.0000e+00
     16.048    -1.3868    -1.3835   2.436491   2.436076    384.266     0.1129     0.5215     0.2745    680.375   81.26826   -9.78582    30.2047    30.1957 0.0000e+00
     16.022    -1.3867    -1.3837   2.436454   2.436075    384.369     0.1130     0.5214     0.2746    680.417   81.26826   -9.78582    30.2041    30.1959 0.0000e+00
     15.995    -1.3860    -1.3835   2.436423   2.436060    384.549     0.1132     0.5213     0.2746    680.458   81.26826   -9.78582    30.2030    30.1955 0.0000e+00
     15.967    -1.3860    -1.3837   2.436380   2.436091    384.642     0.1133     0.5212     0.2747    680.500   81.26826   -9.78582    30.2024    30.1962 0.0000e+00
     15.940    -1.3860    -1.3835   2.436433   2.436081    384.601     0.1133     0.5211     0.2747    680.542   81.26826   -9.78582    30.2032    30.1958 0.0000e+00
     15.914    -1.3862    -1.3835   2.436406   2.436075    384.539     0.1134     0.5210     0.2748    680.583   81.26826   -9.78582    30.2030    30.1958 0.0000e+00
     15.887    -1.3856    -1.3837   2.436375   2.436074    384.535     0.1134     0.5209     0.2748    680.625   81.26826   -9.78582    30.2020    30.1960 0.0000e+00
     15.860    -1.3856    -1.3839   2.436418   2.436058    384.548     0.1135     0.5208     0.2747    680.667   81.26826   -9.78582    30.2026    30.1960 0.0000e+00
     15.832    -1.3859    -1.3839   2.436438   2.436105    384.564     0.1135     0.5207     0.2747    680.708   81.26826   -9.78582    30.2032    30.1966 0.0000e+00
     15.805    -1.3862    -1.3841   2.436420   2.436067    384.562     0.1135     0.5205     0.2747    680.750   81.26826   -9.78582    30.2033    30.1963 0.0000e+00
     15.777    -1.3862    -1.3839   2.436383   2.436067    384.542     0.1135     0.5203     0.2748    680.792   81.26826   -9.78582    30.2028    30.1962 0.0000e+00
     15.751    -1.3860    -1.3837   2.436367   2.436058    384.537     0.1135     0.5201     0.2749    680.833   81.26826   -9.78582    30.2024    30.1958 0.0000e+00
     15.725    -1.3857    -1.3839   2.436346   2.436031    384.550     0.1136     0.5197     0.2749    680.875   81.26826   -9.78582    30.2018    30.1957 0.0000e+00
     15.697    -1.3854    -1.3834   2.436287   2.435990    384.577     0.1136     0.5193     0.2750    680.917   81.26826   -9.78582    30.2007    30.1946 0.0000e+00
     15.670    -1.3849    -1.3834   2.436250   2.435979    384.623     0.1135     0.5187     0.2750    680.958   81.26826   -9.78582    30.1997    30.1945 0.0000e+00
     15.644    -1.3849    -1.3833   2.436261   2.435942    384.673     0.1135     0.5179     0.2750    681.000   81.26826   -9.78582    30.1999    30.1939 0.0000e+00
     15.618    -1.3849    -1.3831   2.436288   2.435948    384.715     0.1135     0.5170     0.2751    681.042   81.26826   -9.78582    30.2003    30.1938 0.0000e+00
     15.594    -1.3849    -1.3830   2.436293   2.435953    384.795     0.1135     0.5162     0.2752    681.083   81.26826   -9.78582    30.2003    30.1938 0.0000e+00
     15.570    -1.3852    -1.3828   2.436308   2.435937    384.870     0.1134     0.5156     0.2753    681.125   81.26826   -9.78582    30.2009    30.1934 0.0000e+00
     15.547    -1.3855    -1.3826   2.436270   2.435912    384.842     0.1134     0.5152     0.2754    681.167   81.26826   -9.78582    30.2007    30.1929 0.0000e+00
     15.526    -1.3853    -1.3830   2.436227   2.435941    384.788     0.1133     0.5149     0.2755    681.208   81.26826   -9.78582    30.1999    30.1937 0.0000e+00
     15.505    -1.3849    -1.3831   2.436201   2.435952    384.886     0.1132     0.5146     0.2756    681.250   81.26826   -9.78582    30.1991    30.1939 0.0000e+00
     15.486    -1.3846    -1.3835   2.436179   2.435967    385.106     0.1131     0.5144     0.2758    681.292   81.26826   -9.78582    30.1986    30.1946 0.0000e+00
     15.470    -1.3844    -1.3837   2.436158   2.436049    385.147     0.1129     0.5143     0.2760    681.333   81.26826   -9.78582    30.1981    30.1959 0.0000e+00
     15.456    -1.3845    -1.3841   2.436168   2.436033    384.965     0.1127     0.5141     0.2762    681.375   81.26826   -9.78582    30.1983    30.1961 0.0000e+00
     15.444    -1.3844    -1.3846   2.436190   2.436052    384.824     0.1125     0.5141     0.2764    681.417   81.26826   -9.78582    30.1985    30.1968 -9.990e-29
     15.434    -1.3845    -1.3845   2.436210   2.436052    384.771     0.1122     0.5140     0.2767    681.458   81.26826   -9.78582    30.1989    30.1968 -9.990e-29
     15.427    -1.3847    -1.3841   2.436236   2.436005    384.744     0.1120     0.5139     0.2769    681.500   81.26826   -9.78582    30.1995    30.1957 -9.990e-29
     15.425    -1.3856    -1.3839   2.436337   2.435995    384.778     0.1117     0.5139     0.2770    681.542   81.26826   -9.78582    30.2017    30.1954 -9.990e-29
     15.425    -1.3862    -1.3839   2.436431   2.436016    384.814     0.1116     0.5139     0.2771    681.583   81.26826   -9.78582    30.2036    30.1957 -9.990e-29
     15.425    -1.3869    -1.3837   2.436483   2.435985    384.770     0.1115     0.5139     0.2772    681.625   81.26826   -9.78582    30.2051    30.1950 -9.990e-29
     15.426    -1.3870    -1.3839   2.436498   2.436026    384.715     0.1114     0.5138     0.2772    681.667   81.26826   -9.78582    30.2054    30.1958 -9.990e-29
     15.431    -1.3871    -1.3845   2.436461   2.436140    384.682     0.1113     0.5138     0.2773    681.708   81.26826   -9.78582    30.2050    30.1980 -9.990e-29
     15.437    -1.3865    -1.3859   2.436397   2.436251    384.651     0.1112     0.5138     0.2774    681.750   81.26826   -9.78582    30.2035    30.2009 -9.990e-29
     15.442    -1.3858    -1.3865   2.436345   2.436317    384.708     0.1112     0.5138     0.2774    681.792   81.26826   -9.78582    30.2021    30.2024 -9.990e-29
     15.446    -1.3859    -1.3863   2.436387   2.436255    384.935     0.1112     0.5138     0.2774    681.833   81.26826   -9.78582    30.2027    30.2013 -9.990e-29
     15.450    -1.3865    -1.3861   2.436424   2.436177    385.127     0.1112     0.5138     0.2774    681.875   81.26826   -9.78582    30.2038    30.2001 -9.990e-29
     15.456    -1.3873    -1.3855   2.436502   2.436162    385.038     0.1111     0.5138     0.2775    681.917   81.26826   -9.78582    30.2057    30.1993 -9.990e-29
     15.458    -1.3876    -1.3853   2.436576   2.436179    384.818     0.1111     0.5138     0.2775    681.958   81.26826   -9.78582    30.2070    30.1993 -9.990e-29
     15.457    -1.3883    -1.3854   2.436606   2.436146    384.631     0.1111     0.5138     0.2776    682.000   81.26826   -9.78582    30.2081    30.1989 -9.990e-29
     15.457    -1.3886    -1.3853   2.436616   2.436172    384.518     0.1111     0.5138     0.2776    682.042   81.26826   -9.78582    30.2086    30.1992 -9.990e-29
     15.456    -1.3886    -1.3855   2.436616   2.436235    384.520     0.1111     0.5138     0.2777    682.083   81.26826   -9.78582    30.2086    30.2002 -9.990e-29
     15.454    -1.3890    -1.3863   2.436647   2.436416    384.547     0.1111     0.5138     0.2779    682.125   81.26826   -9.78582    30.2094    30.2035 -9.990e-29
     15.453    -1.3900    -1.3882   2.436747   2.436630    384.552     0.1111     0.5138     0.2780    682.167   81.26826   -9.78582    30.2118    30.2084 -9.990e-29
     15.452    -1.3914    -1.3902   2.436883   2.436809    384.569     0.1111     0.5138     0.2783    682.208   81.26826   -9.78582    30.2150    30.2128 -9.990e-29
     15.452    -1.3924    -1.3915   2.436983   2.436937    384.588     0.1111     0.5138     0.2785    682.250   81.26826   -9.78582    30.2174    30.2159 -9.990e-29
     15.454    -1.3930    -1.3920   2.437115   2.436840    384.597     0.1111     0.5138     0.2787    682.292   81.26826   -9.78582    30.2198    30.2151 -9.990e-29
     15.456    -1.3945    -1.3912   2.437278   2.436743    384.640     0.1111     0.5138     0.2789    682.333   81.26826   -9.78582    30.2235    30.2129 -9.990e-29
     15.456    -1.3950    -1.3914   2.437298   2.436758    384.661     0.1111     0.5138     0.2791    682.375   81.26826   -9.78582    30.2243    30.2133 -9.990e-29
     15.457    -1.3950    -1.3916   2.437217   2.436752    384.579     0.1111     0.5138     0.2792    682.417   81.26826   -9.78582    30.2232    30.2135 -9.990e-29
     15.458    -1.3945    -1.3913   2.437084   2.436711    384.505     0.1111     0.5138     0.2793    682.458   81.26826   -9.78582    30.2209    30.2126 -9.990e-29
     15.458    -1.3936    -1.3916   2.437016   2.436716    384.548     0.1111     0.5138     0.2793    682.500   81.26826   -9.78582    30.2191    30.2130 -9.990e-29
     15.457    -1.3935    -1.3912   2.437038   2.436706    384.656     0.1111     0.5138     0.2794    682.542   81.26826   -9.78582    30.2193    30.2124 -9.990e-29
     15.456    -1.3941    -1.3912   2.437144   2.436680    384.673     0.1111     0.5138     0.2795    682.583   81.26826   -9.78582    30.2213    30.2121 -9.990e-29
     15.456    -1.3945    -1.3911   2.437191   2.436659    384.576     0.1111     0.5138     0.2795    682.625   81.26826   -9.78582    30.2224    30.2117 -9.990e-29
     15.454    -1.3949    -1.3907   2.437195   2.436655    384.482     0.1111     0.5138     0.2795    682.667   81.26826   -9.78582    30.2228    30.2112 -9.990e-29
