development/cnv_functions/Sta0002.cnv
* Sea-Bird SBE 9 Data File:
* FileName = C:\Seabird\CTDDATA\Sta0001.hdr
* Software Version Seasave V 7.26.7.107
* Temperature SN = 5884
* Conductivity SN = 2860
* Number of Bytes Per Scan = 44
* Number of Voltage Words = 5
* Number of Scans Averaged by the Deck Unit = 1
* NMEA Latitude = 81 12.09 N
* NMEA Longitude = 009 42.15 W
* NMEA UTC (Time) = Jan 01 2000 07:43:32
* NMEA baud rate = 9600
** Ship name [platform code]: Kronprins Haakon [9566] ""
** Station: 0001
** Cruise: 2000xxxxxx
** Echodepth [m]: 151
** Log [Nm]: 1637.09
** Wind-Dir [deg T] Force [m/s]: 20 05
** Airtemp (dry) [degC]: 1.1
** Air pressure [mBar]: 1014.9
** CTD-snr, rosette-snr, deckunit-snr: 09-1346, 32-1222, 11-1121
** Moonpool(M)/Skuteside(S): S
** Cruise name: TEST 2000
# nquan = 15                                
# nvalues = 18024                       
# units = specified
# name 0 = prDM: Pressure, Digiquartz [db]
# name 1 = t090C: Temperature [ITS-90, deg C]
# name 2 = t190C: Temperature, 2 [ITS-90, deg C]
# name 3 = c0S/m: Conductivity [S/m]
# name 4 = c1S/m: Conductivity, 2 [S/m]
# name 5 = sbox0Mm/Kg: Oxygen, SBE 43 [umol/kg]
# name 6 = wetCDOM: Fluorescence, WET Labs CDOM [mg/m^3]
# name 7 = flECO-AFL: Fluorescence, WET Labs ECO-AFL/FL [mg/m^3]
# name 8 = CStarAt0: Beam Attenuation, WET Labs C-Star [1/m]
# name 9 = timeS: Time, Elapsed [seconds]
# name 10 = latitude: Latitude [deg]
# name 11 = longitude: Longitude [deg]
# name 12 = sal00: Salinity, Practical [PSU]
# name 13 = sal11: Salinity, Practical, 2 [PSU]
# name 14 = flag: flag
# span 0 =      0.075,    151.044       
# span 1 =    -1.6133,     7.2177       
# span 2 =    -1.6131,     7.0433       
# span 3 =   0.273382,   2.882879       
# span 4 =   0.023169,   2.805517       
# span 5 =    196.511,    467.109       
# span 6 =     0.0721,     0.2607       
# span 7 =    -0.0153,     0.6735       
# span 8 =     0.2080,     2.1185       
# span 9 =      0.000,    750.958       
# span 10 =   81.26816,   81.26826      
# span 11 =   -9.78592,   -9.78576      
# span 12 =     2.6228,    34.1496      
# span 13 =     0.1740,    34.1476      
# span 14 = 0.0000e+00, 0.0000e+00      
# interval = seconds: 0.0416667
# start_time = Jan 01 2000 07:43:32 [NMEA time, header]
# bad_flag = -9.990e-29
*END*
[from data line 15037]
     48.103    -1.5922    -1.5805   2.489752   2.498746    360.422     0.1246     0.1997     0.2243    626.542   81.26826   -9.78582    31.1252    31.2363 0.0000e+00
     48.079    -1.5920    -1.5815   2.490452   2.498025    360.379     0.1247     0.2013     0.2242    626.583   81.26826   -9.78582    31.1346    31.2275 0.0000e+00
     48.054    -1.5915    -1.5825   2.491343   2.497188    360.304     0.1247     0.2024     0.2242    626.625   81.26826   -9.78582    31.1463    31.2171 0.0000e+00
     48.029    -1.5901    -1.5836   2.492047   2.496287    360.316     0.1248     0.2033     0.2242    626.667   81.26826   -9.78582    31.1545    31.2059 0.0000e+00
     48.004    -1.5896    -1.5843   2.491841   2.496047    360.355     0.1249     0.2040     0.2240    626.708   81.26826   -9.78582    31.1512    31.2033 0.0000e+00
     47.979    -1.5901    -1.5843   2.491146   2.495979    360.293     0.1251     0.2045     0.2239    626.750   81.26826   -9.78582    31.1422    31.2024 0.0000e+00
     47.955    -1.5903    -1.5850   2.490647   2.495317    360.218     0.1252     0.2049     0.2238    626.792   81.26826   -9.78582    31.1355    31.1941 0.0000e+00
     47.931    -1.5903    -1.5859   2.490344   2.494248    360.175     0.1253     0.2052     0.2237    626.833   81.26826   -9.78582    31.1314    31.1804 0.0000e+00
     47.907    -1.5907    -1.5872   2.490018   2.493522    360.140     0.1255     0.2054     0.2236    626.875   81.26826   -9.78582    31.1274    31.1718 0.0000e+00
     47.883    -1.5909    -1.5877   2.490066   2.493378    360.113     0.1255     0.2056     0.2236    626.917   81.26826   -9.78582    31.1282    31.1703 0.0000e+00
     47.858    -1.5909    -1.5877   2.490451   2.493447    360.118     0.1256     0.2058     0.2236    626.958   81.26826   -9.78582    31.1335    31.1713 0.0000e+00
     47.833    -1.5904    -1.5875   2.491337   2.493600    360.113     0.1256     0.2059     0.2235    627.000   81.26826   -9.78582    31.1452    31.1732 0.0000e+00
     47.809    -1.5896    -1.5870   2.492906   2.493982    360.016     0.1257     0.2060     0.2235    627.042   81.26826   -9.78582    31.1659    31.1779 0.0000e+00
     47.784    -1.5877    -1.5869   2.494701   2.494241    359.904     0.1257     0.2060     0.2235    627.083   81.26826   -9.78582    31.1886    31.1814 0.0000e+00
     47.760    -1.5859    -1.5866   2.495960   2.494062    359.880     0.1257     0.2061     0.2234    627.125   81.26826   -9.78582    31.2040    31.1786 0.0000e+00
     47.734    -1.5851    -1.5873   2.495902   2.493400    359.907     0.1257     0.2062     0.2234    627.167   81.26826   -9.78582    31.2023    31.1703 0.0000e+00
     47.708    -1.5850    -1.5881   2.494118   2.492645    359.949     0.1257     0.2063     0.2234    627.208   81.26826   -9.78582    31.1778    31.1608 0.0000e+00
     47.684    -1.5858    -1.5883   2.492185   2.491931    360.008     0.1258     0.2064     0.2234    627.250   81.26826   -9.78582    31.1521    31.1512 0.0000e+00
     47.659    -1.5866    -1.5888   2.491305   2.491233    360.011     0.1258     0.2065     0.2235    627.292   81.26826   -9.78582    31.1409    31.1422 0.0000e+00
     47.633    -1.5870    -1.5896   2.490854   2.490725    359.982     0.1258     0.2067     0.2235    627.333   81.26826   -9.78582    31.1351    31.1361 0.0000e+00
     47.607    -1.5882    -1.5898   2.490178   2.490746    359.977     0.1257     0.2069     0.2236    627.375   81.26826   -9.78582    31.1271    31.1366 0.0000e+00
     47.580    -1.5889    -1.5898   2.489575   2.490551    359.973     0.1257     0.2072     0.2236    627.417   81.26826   -9.78582    31.1196    31.1339 0.0000e+00
     47.554    -1.5898    -1.5902   2.489323   2.489996    359.957     0.1257     0.2075     0.2237    627.458   81.26826   -9.78582    31.1171    31.1267 0.0000e+00
     47.530    -1.5901    -1.5902   2.489507   2.489816    359.930     0.1257     0.2080     0.2239    627.500   81.26826   -9.78582    31.1199    31.1243 0.0000e+00
     47.506    -1.5903    -1.5901   2.489409   2.490345    359.896     0.1256     0.2086     0.2240    627.542   81.26826   -9.78582    31.1188    31.1315 0.0000e+00
     47.479    -1.5901    -1.5894   2.488830   2.490968    359.859     0.1255     0.2094     0.2240    627.583   81.26826   -9.78582    31.1107    31.1393 0.0000e+00
     47.452    -1.5907    -1.5888   2.488173   2.491630    359.829     0.1255     0.2103     0.2241    627.625   81.26826   -9.78582    31.1023    31.1478 0.0000e+00
     47.425    -1.5913    -1.5884   2.487618   2.492032    359.816     0.1254     0.2110     0.2241    627.667   81.26826   -9.78582    31.0953    31.1529 0.0000e+00
     47.398    -1.5915    -1.5882   2.487293   2.492028    359.869     0.1252     0.2116     0.2241    627.708   81.26826   -9.78582    31.0911    31.1526 0.0000e+00
     47.373    -1.5914    -1.5879   2.487515   2.492018    360.028     0.1250     0.2121     0.2242    627.750   81.26826   -9.78582    31.0941    31.1522 0.0000e+00
     47.347    -1.5913    -1.5879   2.487820   2.492119    360.216     0.1248     0.2124     0.2242    627.792   81.26826   -9.78582    31.0982    31.1536 0.0000e+00
     47.320    -1.5911    -1.5877   2.488227   2.492426    360.330     0.1244     0.2127     0.2242    627.833   81.26826   -9.78582    31.1036    31.1576 0.0000e+00
     47.294    -1.5903    -1.5873   2.488684   2.492612    360.379     0.1240     0.2129     0.2242    627.875   81.26826   -9.78582    31.1090    31.1598 0.0000e+00
     47.268    -1.5900    -1.5872   2.488908   2.492179    360.366     0.1236     0.2130     0.2242    627.917   81.26826   -9.78582    31.1118    31.1537 0.0000e+00
     47.242    -1.5901    -1.5876   2.488691   2.491565    360.303     0.1232     0.2131     0.2242    627.958   81.26826   -9.78582    31.1089    31.1457 0.0000e+00
     47.215    -1.5900    -1.5883   2.488311   2.491005    360.283     0.1230     0.2132     0.2242    628.000   81.26826   -9.78582    31.1036    31.1388 0.0000e+00
     47.187    -1.5901    -1.5881   2.488257   2.490836    360.329     0.1227     0.2132     0.2242    628.042   81.26826   -9.78582    31.1030    31.1363 0.0000e+00
     47.158    -1.5901    -1.5882   2.488339   2.491248    360.430     0.1226     0.2132     0.2242    628.083   81.26826   -9.78582    31.1041    31.1421 0.0000e+00
     47.129    -1.5897    -1.5881   2.488968   2.491791    360.514     0.1225     0.2132     0.2242    628.125   81.26826   -9.78582    31.1124    31.1494 0.0000e+00
     47.100    -1.5889    -1.5872   2.489589   2.491910    360.507     0.1224     0.2132     0.2241    628.167   81.26826   -9.78582    31.1201    31.1501 0.0000e+00
     47.072    -1.5888    -1.5873   2.489107   2.491631    360.556     0.1223     0.2132     0.2240    628.208   81.26826   -9.78582    31.1134    31.1464 0.0000e+00
     47.044    -1.5891    -1.5878   2.487854   2.491033    360.731     0.1223     0.2131     0.2240    628.250   81.26826   -9.78582    31.0965    31.1388 0.0000e+00
     47.016    -1.5895    -1.5881   2.486802   2.490373    360.902     0.1222     0.2130     0.2238    628.292   81.26826   -9.78582    31.0825    31.1300 0.0000e+00
     46.988    -1.5897    -1.5885   2.486173   2.489675    361.026     0.1222     0.2129     0.2237    628.333   81.26826   -9.78582    31.0741    31.1209 0.0000e+00
     46.960    -1.5900    -1.5888   2.486005   2.489347    361.117     0.1222     0.2127     0.2234    628.375   81.26826   -9.78582    31.0721    31.1167 0.0000e+00
     46.932    -1.5900    -1.5892   2.486845   2.489299    361.167     0.1222     0.2124     0.2232    628.417   81.26826   -9.78582    31.0837    31.1165 0.0000e+00
     46.903    -1.5891    -1.5891   2.488055   2.489173    361.184     0.1222     0.2121     0.2229    628.458   81.26826   -9.78582    31.0993    31.1147 0.0000e+00
     46.874    -1.5888    -1.5893   2.488587   2.488850    361.199     0.1222     0.2116     0.2228    628.500   81.26826   -9.78582    31.1063    31.1105 0.0000e+00
     46.845    -1.5884    -1.5893   2.488035   2.488697    361.268     0.1222     0.2110     0.2227    628.542   81.26826   -9.78582    31.0984    31.1084 0.0000e+00
     46.817    -1.5886    -1.5890   2.486979   2.489031    361.360     0.1222     0.2103     0.2226    628.583   81.26826   -9.78582    31.0841    31.1127 0.0000e+00
     46.789    -1.5890    -1.5881   2.486154   2.489672    361.426     0.1222     0.2092     0.2225    628.625   81.26826   -9.78582    31.0732    31.1206 0.0000e+00
     46.760    -1.5893    -1.5883   2.485585   2.490209    361.522     0.1223     0.2078     0.2225    628.667   81.26826   -9.78582    31.0658    31.1281 0.0000e+00
     46.731    -1.5894    -1.5877   2.485606   2.490517    361.625     0.1223     0.2061     0.2225    628.708   81.26826   -9.78582    31.0662    31.1318 0.0000e+00
     46.702    -1.5893    -1.5875   2.485856   2.490434    361.695     0.1224     0.2045     0.2225    628.750   81.26826   -9.78582    31.0695    31.1304 0.0000e+00
     46.673    -1.5892    -1.5875   2.485975   2.490159    361.752     0.1225     0.2031     0.2225    628.792   81.26826   -9.78582    31.0710    31.1267 0.0000e+00
     46.644    -1.5890    -1.5874   2.486253   2.489864    361.838     0.1226     0.2020     0.2226    628.833   81.26826   -9.78582    31.0747    31.1225 0.0000e+00
     46.615    -1.5888    -1.5878   2.486649   2.489478    361.928     0.1227     0.2012     0.2226    628.875   81.26826   -9.78582    31.0799    31.1177 0.0000e+00
     46.587    -1.5883    -1.5879   2.486769   2.488950    361.993     0.1229     0.2006     0.2225    628.917   81.26826   -9.78582    31.0811    31.1106 0.0000e+00
     46.558    -1.5885    -1.5879   2.486428   2.488570    362.118     0.1232     0.2002     0.2225    628.958   81.26826   -9.78582    31.0766    31.1054 0.0000e+00
     46.530    -1.5885    -1.5883   2.485658   2.488364    362.310     0.1236     0.1999     0.2224    629.000   81.26826   -9.78582    31.0661    31.1030 0.0000e+00
     46.501    -1.5890    -1.5883   2.485219   2.488242    362.461     0.1240     0.1996     0.2224    629.042   81.26826   -9.78582    31.0606    31.1013 0.0000e+00
     46.473    -1.5888    -1.5883   2.485235   2.488147    362.493     0.1244     0.1994     0.2224    629.083   81.26826   -9.78582    31.0606    31.1000 0.0000e+00
     46.445    -1.5890    -1.5882   2.485376   2.488016    362.494     0.1247     0.1993     0.2225    629.125   81.26826   -9.78582    31.0628    31.0981 0.0000e+00
     46.417    -1.5889    -1.5884   2.485414   2.487994    362.584     0.1250     0.1991     0.2225    629.167   81.26826   -9.78582    31.0632    31.0981 0.0000e+00
     46.389    -1.5891    -1.5884   2.485322   2.488059    362.694     0.1252     0.1991     0.2225    629.208   81.26826   -9.78582    31.0622    31.0990 0.0000e+00
     46.358    -1.5890    -1.5883   2.485365   2.488043    362.774     0.1253     0.1990     0.2225    629.250   81.26826   -9.78582    31.0627    31.0987 0.0000e+00
     46.328    -1.5889    -1.5883   2.485848   2.487953    362.935     0.1255     0.1989     0.2224    629.292   81.26826   -9.78582    31.0692    31.0974 0.0000e+00
     46.299    -1.5885    -1.5884   2.486380   2.487821    363.130     0.1255     0.1989     0.2223    629.333   81.26826   -9.78582    31.0761    31.0958 0.0000e+00
     46.272    -1.5883    -1.5882   2.486694   2.487800    363.187     0.1256     0.1989     0.2223    629.375   81.26826   -9.78582    31.0802    31.0953 0.0000e+00
     46.244    -1.5880    -1.5883   2.486885   2.487826    363.133     0.1256     0.1989     0.2223    629.417   81.26826   -9.78582    31.0825    31.0958 0.0000e+00
     46.214    -1.5877    -1.5881   2.487287   2.487738    363.146     0.1257     0.1989     0.2223    629.458   81.26826   -9.78582    31.0877    31.0944 0.0000e+00
     46.185    -1.5873    -1.5882   2.487358   2.487527    363.260     0.1257     0.1988     0.2223    629.500   81.26826   -9.78582    31.0883    31.0916 0.0000e+00
     46.155    -1.5877    -1.5881   2.487005   2.487358    363.359     0.1257     0.1988     0.2222    629.542   81.26826   -9.78582    31.0839    31.0892 0.0000e+00
     46.127    -1.5877    -1.5879   2.486204   2.487132    363.417     0.1257     0.1988     0.2222    629.583   81.26826   -9.78582    31.0729    31.0859 0.0000e+00
     46.098    -1.5882    -1.5882   2.485297   2.486846    363.465     0.1257     0.1988     0.2222    629.625   81.26826   -9.78582    31.0610    31.0823 0.0000e+00
     46.070    -1.5885    -1.5883   2.485021   2.486372    363.532     0.1257     0.1988     0.2223    629.667   81.26826   -9.78582    31.0576    31.0759 0.0000e+00
     46.042    -1.5884    -1.5884   2.485460   2.485981    363.570     0.1257     0.1988     0.2223    629.708   81.26826   -9.78582    31.0635    31.0707 0.0000e+00
     46.014    -1.5885    -1.5888   2.486229   2.485733    363.519     0.1257     0.1988     0.2223    629.750   81.26826   -9.78582    31.0742    31.0677 0.0000e+00
     45.986    -1.5882    -1.5887   2.487011   2.485569    363.528     0.1257     0.1988     0.2223    629.792   81.26826   -9.78582    31.0846    31.0654 0.0000e+00
     45.957    -1.5875    -1.5888   2.487473   2.485511    363.666     0.1257     0.1988     0.2224    629.833   81.26826   -9.78582    31.0902    31.0647 0.0000e+00
     45.928    -1.5872    -1.5891   2.487247   2.485447    363.815     0.1256     0.1988     0.2224    629.875   81.26826   -9.78582    31.0868    31.0641 0.0000e+00
     45.898    -1.5872    -1.5890   2.486634   2.485353    363.985     0.1256     0.1988     0.2225    629.917   81.26826   -9.78582    31.0785    31.0628 0.0000e+00
     45.869    -1.5875    -1.5890   2.486010   2.485205    364.193     0.1255     0.1988     0.2226    629.958   81.26826   -9.78582    31.0702    31.0607 0.0000e+00
     45.841    -1.5879    -1.5892   2.485435   2.485178    364.352     0.1254     0.1988     0.2227    630.000   81.26826   -9.78582    31.0628    31.0606 0.0000e+00
     45.813    -1.5882    -1.5888   2.484854   2.485279    364.499     0.1252     0.1988     0.2228    630.042   81.26826   -9.78582    31.0551    31.0616 0.0000e+00
     45.785    -1.5886    -1.5890   2.484150   2.485437    364.670     0.1251     0.1989     0.2229    630.083   81.26826   -9.78582    31.0459    31.0640 0.0000e+00
     45.756    -1.5888    -1.5890   2.483775   2.485627    364.749     0.1248     0.1989     0.2230    630.125   81.26826   -9.78582    31.0410    31.0666 0.0000e+00
     45.727    -1.5893    -1.5886   2.483823   2.485581    364.765     0.1245     0.1989     0.2231    630.167   81.26826   -9.78582    31.0422    31.0656 0.0000e+00
     45.697    -1.5892    -1.5888   2.484245   2.485185    364.832     0.1242     0.1989     0.2232    630.208   81.26826   -9.78582    31.0479    31.0604 0.0000e+00
     45.667    -1.5890    -1.5888   2.485048   2.484821    364.943     0.1240     0.1990     0.2232    630.250   81.26826   -9.78582    31.0587    31.0554 0.0000e+00
     45.638    -1.5882    -1.5888   2.486058   2.484637    365.065     0.1238     0.1990     0.2232    630.292   81.26826   -9.78582    31.0718    31.0529 0.0000e+00
     45.610    -1.5879    -1.5892   2.486752   2.484356    365.100     0.1237     0.1991     0.2232    630.333   81.26826   -9.78582    31.0810    31.0495 0.0000e+00
     45.581    -1.5873    -1.5892   2.486852   2.484093    365.048     0.1236     0.1992     0.2232    630.375   81.26826   -9.78582    31.0817    31.0459 0.0000e+00
     45.552    -1.5874    -1.5893   2.486445   2.483908    365.080     0.1236     0.1993     0.2233    630.417   81.26826   -9.78582    31.0763    31.0435 0.0000e+00
     45.523    -1.5877    -1.5893   2.485713   2.483935    365.218     0.1235     0.1995     0.2233    630.458   81.26826   -9.78582    31.0666    31.0438 0.0000e+00
